1.500,30,45,49
B0,mixamorig_Hips,-1,0.99745112657547,-0.05122273787856102,0.04957592487335205,0,0.05755583196878433,0.9890222549438477,-0.13607339560985565,0,-0.04205785691738129,0.13858512043952942,0.9894540309906006,0,0.35203972458839417,4.732494831085205,0.09277939051389694,1
B1,mixamorig_Spine,0,0.9749667048454285,-0.08521881699562073,0.20537149906158447,0,0.02482100948691368,0.959579348564148,0.2803414762020111,0,-0.22096075117588043,-0.2682255506515503,0.9376735091209412,0,0,0.5075240135192871,0.01730000041425228,1
B2,mixamorig_Spine1,1,0.9942079186439514,0.07384265959262848,0.07808516919612885,0,-0.08317165821790695,0.9888002872467041,0.12389501929283142,0,-0.06806141138076782,-0.12967218458652496,0.989215075969696,0,0,0.5924550294876099,0,1
B3,mixamorig_Spine2,2,0.9943150877952576,0.07168346643447876,0.07873339205980301,0,-0.08123596012592316,0.9887319207191467,0.12571299076080322,0,-0.06883539259433746,-0.1313948631286621,0.9889346957206726,0,0,0.6770910024642944,0,1
B4,mixamorig_Neck,3,0.9984297752380371,0.02407175488770008,-0.05057825148105621,0,-0.02788987196981907,0.9966805577278137,-0.07611726224422455,0,0.0485745370388031,0.07740791887044907,0.9957877993583679,0,0,0.7617279887199402,0,1
B5,mixamorig_Head,4,0.9463832378387451,-0.1295892745256424,-0.29590722918510437,0,0.1341829150915146,0.9908011555671692,-0.00480207335203886,0,0.2937789857387543,-0.035158198326826096,0.9550786018371582,0,0,0.4304009974002838,0.4590049982070923,1
B6,mixamorig_HeadTop_End,5,1,0,0,0,0,1,0,0,0,0,1,0,0,1.4514260292053223,1.5478880405426025,1
B7,mixamorig_LeftShoulder,3,0.31203755736351013,0.10901699215173721,-0.9437903761863708,0,0.8800880312919617,0.3410196006298065,0.3303679823875427,0,0.3578689694404602,-0.9337123036384583,0.010463624261319637,0,0.47015199065208435,0.7040650248527527,0.03279099985957146,1
B8,mixamorig_LeftArm,7,0.7777374386787415,-0.376929372549057,0.5029600262641907,0,-0.10116288810968399,0.7146872878074646,0.692032516002655,0,-0.6203582882881165,-0.5891490578651428,0.5177439451217651,0,0,0.8256480097770691,0,1
B9,mixamorig_LeftForeArm,8,0.25205549597740173,0.9660717844963074,-0.0563177689909935,0,-0.9658777713775635,0.24756988883018494,-0.07607228308916092,0,-0.059549376368522644,0.07357040792703629,0.9955103993415833,0,0,4.095059871673584,0,1
B10,mixamorig_LeftHand,9,-0.9841596484184265,0.17014457285404205,-0.048984888941049576,0,0.1763623207807541,0.917854368686676,-0.3554999530315399,0,-0.015537737868726254,-0.3584875166416168,-0.9333868026733398,0,0,1.9464800357818604,0,1
B11,mixamorig_LeftHandThumb1,10,-0.5586820840835571,-0.6266220211982727,-0.5433400273323059,0,0.7122660279273987,-0.02686503157019615,-0.7013949751853943,0,0.4249129593372345,-0.7788599729537964,0.46133100986480713,0,-0.12967200577259064,-0.004681000020354986,0.04608999937772751,1
B12,mixamorig_LeftHandThumb2,11,0.8233710527420044,0.5547130107879639,0.1198040023446083,0,-0.5163969993591309,0.819890022277832,-0.2472119927406311,0,-0.23535799980163574,0.1416810005903244,0.9615259766578674,0,-0.08256500214338303,0.07292500138282776,0,1
B13,mixamorig_LeftHandThumb3,12,0.9226800203323364,0.3855479955673218,-0.00367600005120039,0,-0.38349199295043945,0.9166889786720276,-0.11231599748134613,0,-0.03993299975991249,0.10504200309515,0.9936659932136536,0,-0.10254400223493576,0.661391019821167,0,1
B14,mixamorig_LeftHandThumb4,13,1,0,0,0,0,1,0,0,0,0,1,0,0.1851090043783188,0.7719190120697021,0,1
B15,mixamorig_LeftHandIndex1,10,0.7877079844474792,-0.615198016166687,0.03236699849367142,0,0.6000139713287354,0.7542359828948975,-0.26666802167892456,0,0.13964200019836426,0.22947703301906586,0.9632449746131897,0,-0.1567710041999817,-0.13281600177288055,-0.03998799994587898,1
B16,mixamorig_LeftHandIndex2,15,0.9999009966850281,-0.013918999582529068,0.0020969677716493607,0,0.014034000225365162,0.9973040223121643,-0.07202000170946121,0,-0.001088000019080937,0.07204200327396393,0.9974009990692139,0,-0.017469000071287155,0.5395839810371399,0,1
B17,mixamorig_LeftHandIndex3,16,0.9988290071487427,-0.04836000129580498,0.0015620000194758177,0,0.048385001718997955,0.9981769919395447,-0.03608600050210953,0,0.00018600000475998968,0.0361199676990509,0.9993469715118408,0,0.012164000421762466,0.4992719888687134,0,1
B18,mixamorig_LeftHandIndex4,17,1,0,0,0,0,1,0,0,0,0,1,0,0.005303999874740839,0.4655170142650604,0,1
B19,mixamorig_LeftHandMiddle1,10,0.7940459847450256,-0.6069790124893188,-0.032680001109838486,0,0.5781859755516052,0.7707859873771667,-0.26756301522254944,0,0.18759499490261078,0.19356299936771393,0.9629859924316406,0,0.1567710041999817,0.2477020025253296,-0.05942400172352791,1
B20,mixamorig_LeftHandMiddle2,19,0.9972270131111145,-0.07437002658843994,0.0028669999446719885,0,0.07439400255680084,0.994924008846283,-0.0677570030093193,0,0.0021869998890906572,0.06778199970722198,0.9976980090141296,0,-0.0019529999699443579,0.3832220137119293,0,1
B21,mixamorig_LeftHandMiddle3,20,0.9997550249099731,-0.022151999175548553,0.00007999999797903001,0,0.02214200049638748,0.9991819858551025,-0.033838000148534775,0,0.0006699999794363976,0.033831000328063965,0.9994270205497742,0,-0.0015869999770075083,0.35795900225639343,0,1
B22,mixamorig_LeftHandMiddle4,21,1,0,0,0,0,1,0,0,0,0,1,0,0.0035389999393373728,0.3209089934825897,0,1
B23,mixamorig_RightShoulder,3,0.23361073434352875,-0.07637034356594086,0.9693222045898438,0,-0.9517579078674316,0.18599550426006317,0.24403174221515656,0,-0.1989269107580185,-0.9795770049095154,-0.029232051223516464,0,-0.47015199065208435,0.7019659876823425,-0.028788000345230103,1
B24,mixamorig_RightArm,23,0.8703184723854065,0.4093838036060333,-0.2737429738044739,0,0.14904071390628815,0.3108077049255371,0.9387038350105286,0,0.4693683683872223,-0.8577775359153748,0.20949821174144745,0,0,0.8256480097770691,0,1
B25,mixamorig_RightForeArm,24,0.20194604992866516,-0.9774045944213867,-0.06235950440168381,0,0.977336585521698,0.19699044525623322,0.07745388150215149,0,-0.06342098861932755,-0.07658794522285461,0.9950434565544128,0,0,4.095970153808594,0,1
B26,mixamorig_RightHand,25,0.9609392881393433,-0.1158425435423851,-0.2513458728790283,0,0.13265281915664673,0.9898523092269897,0.050943776965141296,0,0.2428930103778839,-0.08229498565196991,0.9665547609329224,0,0,1.9415810108184814,0,1
B27,mixamorig_RightHandThumb1,26,0.9575449824333191,0.2377070039510727,0.16310200095176697,0,-0.2611669898033142,0.9548419713973999,0.1416649967432022,0,-0.12206199765205383,-0.17824800312519073,0.9763850569725037,0,-0.06941299885511398,0.19356800615787506,-0.045239001512527466,1
B28,mixamorig_RightHandThumb2,27,0.9927600026130676,-0.10666900128126144,-0.05522103235125542,0,0.1072070300579071,0.9942129850387573,0.0068720001727342606,0,0.05416899919509888,-0.012741999700665474,0.998449981212616,0,0.07321099936962128,0.15170200169086456,0,1
B29,mixamorig_RightHandThumb3,28,0.9748160243034363,-0.22290900349617004,-0.0067529999651014805,0,0.22228600084781647,0.9736400246620178,-0.05112899839878082,0,0.017971999943256378,0.048340000212192535,0.9986690282821655,0,0.05226999893784523,0.6198980212211609,0,1
B30,mixamorig_RightHandThumb4,29,1,0,0,0,0,1,0,0,0,0,1,0,-0.1254809945821762,0.7048349976539612,0,1
B31,mixamorig_RightHandIndex1,26,0.9691280126571655,0.2463490068912506,0.010181000456213951,0,-0.24400100111961365,0.9641879796981812,-0.10394199937582016,0,-0.03542200103402138,0.09824900329113007,0.994530975818634,0,0.032423000782728195,0.23992100358009338,-0.039709001779556274,1
B32,mixamorig_RightHandIndex2,31,0.9997580051422119,-0.021990999579429626,0.0008609999786131084,0,0.021990999579429626,0.9997580051422119,0.000006000000212225132,0,-0.0008609999786131084,0.000012999999853491317,1,0,0.008605999872088432,0.5635939836502075,0,1
B33,mixamorig_RightHandIndex3,32,0.9999939799308777,-0.0034489999525249004,-0.0002579999854788184,0,0.0034489999525249004,0.9999939799308777,-0.000003000000106112566,0,0.0002579999854788184,0.0000019999999949504854,1,0,-0.0035429999697953463,0.5197169780731201,0,1
B34,mixamorig_RightHandIndex4,33,1,0,0,0,0,1,0,0,0,0,1,0,-0.00506300013512373,0.5008389949798584,0,1
B35,mixamorig_RightHandMiddle1,26,0.9705910086631775,0.23796400427818298,0.036428000777959824,0,-0.23315200209617615,0.9668710231781006,-0.10392399877309799,0,-0.05995099991559982,0.09237399697303772,0.9939180016517639,0,-0.032423000782728195,0.15070399641990662,-0.03167499974370003,1
B36,mixamorig_RightHandMiddle2,35,0.9999949932098389,-0.003198999911546707,0.00009999999747378752,0,0.003198999911546707,0.9999949932098389,9.999999974752427e-7,0,-0.00009999999747378752,-9.999999974752427e-7,1,0,0.0020490000024437904,0.4897159934043884,0,1
B37,mixamorig_RightHandMiddle3,36,0.9999750256538391,-0.007075999863445759,-0.00024199999461416155,0,0.007075999863445759,0.9999750256538391,-9.999999974752427e-7,0,0.00024199999461416155,-9.999999974752427e-7,1,0,0.0004440000047907233,0.4518350064754486,0,1
B38,mixamorig_RightHandMiddle4,37,1,0,0,0,0,1,0,0,0,0,1,0,-0.002492999890819192,0.4038020074367523,0,1
B39,mixamorig_LeftUpLeg,0,-0.8757705092430115,-0.4604056179523468,0.14494583010673523,0,0.4358797073364258,-0.8833196759223938,-0.1723051369190216,0,0.2074078768491745,-0.08772536367177963,0.9742898344993591,0,0.48764899373054504,-0.3195039927959442,0.003722999943420291,1
B40,mixamorig_LeftLeg,39,0.8985946178436279,-0.40059563517570496,-0.17885693907737732,0,0.18822234869003296,0.7202804088592529,-0.6676418781280518,0,0.3962803781032562,0.566267192363739,0.7226769328117371,0,0,2.3406128883361816,0,1
B41,mixamorig_LeftFoot,40,0.6591709852218628,-0.5560049414634705,0.5063064098358154,0,-0.6766443252563477,-0.1447925716638565,0.7219277620315552,0,-0.32809171080589294,-0.818465530872345,-0.4716627895832062,0,0,2.7173449993133545,0,1
B42,mixamorig_LeftToeBase,41,0.9582808613777161,-0.28352779150009155,0.036096978932619095,0,0.2545583248138428,0.9041036367416382,0.3431471288204193,0,-0.12993697822093964,-0.3196369409561157,0.9385625720024109,0,0,0.3666679859161377,0,1
B43,mixamorig_LeftToe_End,42,1,0,0,0,0,1,0,0,0,0,1,0,0,0.309237003326416,0,1
B44,mixamorig_RightUpLeg,0,-0.9454898238182068,0.24563072621822357,-0.2137792855501175,0,-0.3173518478870392,-0.8421483039855957,0.4359623193740845,0,-0.07294543832540512,0.48003846406936646,0.874204695224762,0,-0.48764899373054504,-0.3195039927959442,-0.005078000016510487,1
B45,mixamorig_RightLeg,44,0.9870423674583435,0.11368956416845322,-0.11319530010223389,0,-0.12843690812587738,0.9826222062110901,-0.1327032446861267,0,0.09610176831483841,0.14552226662635803,0.984499990940094,0,0,2.3037970066070557,0,1
B46,mixamorig_RightFoot,45,0.8300986886024475,-0.17238955199718475,-0.530288577079773,0,0.5528146028518677,0.13006941974163055,0.8230712413787842,0,-0.07292986661195755,-0.9763898849487305,0.203278049826622,0,0,2.5493650436401367,0,1
B47,mixamorig_RightToeBase,46,0.9964127540588379,-0.08373425155878067,-0.012221715413033962,0,0.08448223769664764,0.9926379919052124,0.0867755264043808,0,0.004865709692239761,-0.08749621361494064,0.9961516857147217,0,0,0.7431719899177551,0,1
B48,mixamorig_RightToe_End,47,1,0,0,0,0,1,0,0,0,0,1,0,0,0.29215800762176514,0,1
@40,0,1,2,3,4,5,7,8,9,10,11,12,13,15,16,17,19,20,21,23,24,25,26,27,28,29,31,32,33,35,36,37,39,40,41,42,44,45,46,47
K0.000,0.9825680255889893,0.18487299978733063,-0.019534999504685402,0,-0.18557800352573395,0.9816290140151978,-0.04433500021696091,0,0.010979999788105488,0.04718700051307678,0.9988260269165039,0,-0.6049169898033142,5.167276859283447,-0.02861499972641468,1,0.9861649870872498,-0.16358999907970428,-0.026778999716043472,0,0.1625470072031021,0.9226189851760864,0.34978801012039185,0,-0.03251500055193901,-0.3493019938468933,0.9364460110664368,0,0,0.5075240135192871,0.01730000041425228,1,0.9991099834442139,-0.041234999895095825,-0.008907999843358994,0,0.04195300117135048,0.9933710098266602,0.10702600330114365,0,0.004435999784618616,-0.10730399936437607,0.9942160248756409,0,0,0.5924550294876099,0,1,0.9991210103034973,-0.041182998567819595,-0.007772000040858984,0,0.04177900031208992,0.9933599829673767,0.10719499737024307,0,0.003306000027805567,-0.10742499679327011,0.9942079782485962,0,0,0.6770910024642944,0,1,0.998341977596283,-0.04400699958205223,-0.0371129997074604,0,0.04262600094079971,0.9983980059623718,-0.03721899911761284,0,0.038690999150276184,0.03557499870657921,0.9986180067062378,0,0,0.7617279887199402,0,1,0.9910410046577454,0.01797099970281124,-0.13233999907970428,0,-0.024979999288916588,0.9983609914779663,-0.0514880008995533,0,0.1311970055103302,0.054333001375198364,0.9898660182952881,0,0,0.4304009974002838,0.4590049982070923,1,0.31593701243400574,0.08330000191926956,-0.9451169967651367,0,0.9226809740066528,0.20506399869918823,0.3265100121498108,0,0.22100800275802612,-0.9751970171928406,-0.012071999721229076,0,0.47015199065208435,0.7040650248527527,0.03279099985957146,1,0.991225004196167,-0.11125300079584122,0.07137800008058548,0,-0.00043399998685345054,0.5372589826583862,0.8434180021286011,0,-0.13218100368976593,-0.8360480070114136,0.5324959754943848,0,0,0.8256480097770691,0,1,0.04335499927401543,0.9964069724082947,-0.07275500148534775,0,-0.9962069988250732,0.0376180000603199,-0.07846199721097946,0,-0.07544299960136414,0.0758809968829155,0.9942589998245239,0,0,4.095059871673584,0,1,-0.9017400145530701,0.42798399925231934,-0.060784999281167984,0,0.4175480008125305,0.8259590268135071,-0.3787420094013214,0,-0.11189000308513641,-0.366907000541687,-0.9235039949417114,0,0,1.9464800357818604,0,1,-0.5586829781532288,-0.6266220211982727,-0.5433400273323059,0,0.7122660279273987,-0.026864999905228615,-0.7013949751853943,0,0.4249129891395569,-0.7788599729537964,0.46133100986480713,0,-0.12967200577259064,-0.004681000020354986,0.04608999937772751,1,0.8233709931373596,0.5547130107879639,0.1198050007224083,0,-0.5163969993591309,0.819890022277832,-0.2472119927406311,0,-0.23535799980163574,0.14168000221252441,0.9615259766578674,0,-0.08256500214338303,0.07292500138282776,0,1,0.9226809740066528,0.3855479955673218,-0.00367600005120039,0,-0.38349199295043945,0.9166889786720276,-0.11231599748134613,0,-0.03993299975991249,0.10504099726676941,0.9936659932136536,0,-0.10254400223493576,0.661391019821167,0,1,0.7877079844474792,-0.615198016166687,0.03236699849367142,0,0.6000139713287354,0.7542359828948975,-0.26666900515556335,0,0.13964200019836426,0.22947800159454346,0.9632449746131897,0,-0.1567710041999817,-0.13281600177288055,-0.03998799994587898,1,0.9999009966850281,-0.013918999582529068,0.0020959998946636915,0,0.014034000225365162,0.9973040223121643,-0.07202000170946121,0,-0.001088000019080937,0.07204300165176392,0.9974009990692139,0,-0.017469000071287155,0.5395839810371399,0,1,0.9988290071487427,-0.04836000129580498,0.0015620000194758177,0,0.048385001718997955,0.9981769919395447,-0.03608600050210953,0,0.00018600000475998968,0.0361189991235733,0.9993469715118408,0,0.012164000421762466,0.4992719888687134,0,1,0.7940459847450256,-0.6069790124893188,-0.032680001109838486,0,0.5781859755516052,0.7707849740982056,-0.26756399869918823,0,0.18759499490261078,0.19356299936771393,0.9629859924316406,0,0.1567710041999817,0.2477020025253296,-0.05942400172352791,1,0.9972270131111145,-0.07437100261449814,0.002867999952286482,0,0.07439400255680084,0.994924008846283,-0.0677570030093193,0,0.0021860001143068075,0.06778199970722198,0.9976980090141296,0,-0.0019529999699443579,0.3832220137119293,0,1,0.9997550249099731,-0.022151999175548553,0.00007999999797903001,0,0.02214200049638748,0.9991819858551025,-0.033838000148534775,0,0.0006699999794363976,0.033831000328063965,0.9994270205497742,0,-0.0015869999770075083,0.35795900225639343,0,1,0.30563899874687195,-0.10670500248670578,0.9461489915847778,0,-0.884177029132843,0.33690500259399414,0.32361501455307007,0,-0.3532939851284027,-0.9354730248451233,0.008624999783933163,0,-0.47015199065208435,0.7019659876823425,-0.028788000345230103,1,0.7649700045585632,0.4286940097808838,-0.4806689918041229,0,0.15346300601959229,0.603488028049469,0.7824649810791016,0,0.6255159974098206,-0.6723269820213318,0.39586201310157776,0,0,0.8256480097770691,0,1,0.3276340067386627,-0.9433509707450867,-0.05239899829030037,0,0.9432849884033203,0.3234579861164093,0.07475599646568298,0,-0.053571999073028564,-0.07391999661922455,0.9958239793777466,0,0,4.095970153808594,0,1,0.8888229727745056,-0.21541699767112732,-0.40446099638938904,0,0.24652099609375,0.9687950015068054,0.025759000331163406,0,0.3862909972667694,-0.12260299921035767,0.9141920208930969,0,0,1.9415810108184814,0,1,0.9575449824333191,0.2377070039510727,0.16310200095176697,0,-0.2611669898033142,0.9548419713973999,0.1416649967432022,0,-0.12206199765205383,-0.17824800312519073,0.9763849973678589,0,-0.06941299885511398,0.19356800615787506,-0.045239001512527466,1,0.9927600026130676,-0.10666900128126144,-0.05522200092673302,0,0.1072079986333847,0.9942129850387573,0.0068720001727342606,0,0.05416899919509888,-0.012741999700665474,0.998449981212616,0,0.07321099936962128,0.15170200169086456,0,1,0.9748160243034363,-0.22290800511837006,-0.0067529999651014805,0,0.22228500247001648,0.9736400246620178,-0.05112899839878082,0,0.017971999943256378,0.048340000212192535,0.9986690282821655,0,0.05226999893784523,0.6198980212211609,0,1,0.9691280126571655,0.2463490068912506,0.010181000456213951,0,-0.24400199949741364,0.9641879796981812,-0.10394199937582016,0,-0.03542200103402138,0.09824900329113007,0.994530975818634,0,0.032423000782728195,0.23992100358009338,-0.039709001779556274,1,0.9997580051422119,-0.021990999579429626,0.0008609999786131084,0,0.021990999579429626,0.9997580051422119,0.000006000000212225132,0,-0.0008609999786131084,0.000012999999853491317,1,0,0.008605999872088432,0.5635939836502075,0,1,0.9999939799308777,-0.0034489999525249004,-0.0002579999854788184,0,0.0034489999525249004,0.9999939799308777,-0.000003000000106112566,0,0.0002579999854788184,0.0000019999999949504854,1,0,-0.0035429999697953463,0.5197169780731201,0,1,0.9705910086631775,0.23796400427818298,0.036428000777959824,0,-0.23315200209617615,0.9668710231781006,-0.10392399877309799,0,-0.05995199829339981,0.09237399697303772,0.9939180016517639,0,-0.032423000782728195,0.15070399641990662,-0.03167499974370003,1,0.9999949932098389,-0.003198999911546707,0.00009999999747378752,0,0.003198999911546707,0.9999949932098389,0,0,-0.00009999999747378752,0,1,0,0.0020490000024437904,0.4897159934043884,0,1,0.9999750256538391,-0.007075999863445759,-0.00024199999461416155,0,0.007075999863445759,0.9999750256538391,0,0,0.00024199999461416155,0,1,0,0.0004440000047907233,0.4518350064754486,0,1,-0.9494079947471619,-0.17204299569129944,0.2627280056476593,0,0.3037860095500946,-0.7152119874954224,0.6294329762458801,0,0.07961700111627579,0.6774010062217712,0.7312920093536377,0,0.48764899373054504,-0.3195039927959442,0.003722999943420291,1,0.9773100018501282,-0.16665799915790558,0.130731001496315,0,0.170974999666214,0.2563740015029907,-0.9513360261917114,0,0.1250319927930832,0.95210200548172,0.2790510058403015,0,0,2.3406128883361816,0,1,0.55594801902771,-0.23450499773025513,0.7974519729614258,0,-0.8208770155906677,-0.004040999803692102,0.5710899829864502,0,-0.1307010054588318,-0.9721069931983948,-0.1947460025548935,0,0,2.7173449993133545,0,1,0.9717789888381958,-0.23589099943637848,0.0012600000482052565,0,0.2311830073595047,0.9534220099449158,0.19375599920749664,0,-0.04690700024366379,-0.1879969984292984,0.9810490012168884,0,0,0.3666679859161377,0,1,-0.9044690132141113,0.3723770081996918,-0.20801900327205658,0,-0.4165619909763336,-0.8760120272636414,0.24305899441242218,0,-0.09171699732542038,0.30649200081825256,0.9474440217018127,0,-0.48764899373054504,-0.3195039927959442,-0.005078000016510487,1,0.9884070158004761,0.03638499975204468,-0.14740100502967834,0,-0.11030299961566925,0.8392220139503479,-0.5324850082397461,0,0.10432799905538559,0.5425710082054138,0.8335059881210327,0,0,2.3037970066070557,0,1,0.9639779925346375,0.10442999750375748,-0.24462300539016724,0,0.24787500500679016,-0.019183000549674034,0.9686020016670227,0,0.09645800292491913,-0.9943469762802124,-0.04437800124287605,0,0,2.5493650436401367,0,1,0.9965159893035889,-0.08340500295162201,0,0,0.08330799639225006,0.9953569769859314,0.048211000859737396,0,-0.004019999876618385,-0.04804300144314766,0.9988369941711426,0,0,0.7431719899177551,0,1
K0.033,0.9858790636062622,0.16590073704719543,-0.02280203253030777,0,-0.16692373156547546,0.9844570755958557,-0.05460211634635925,0,0.013389029540121555,0.057637110352516174,0.9982479810714722,0,-0.5855296850204468,5.1588664054870605,-0.02992287091910839,1,0.9876419901847839,-0.139967679977417,-0.07051238417625427,0,0.1555338203907013,0.9307040572166443,0.3310578167438507,0,0.019289491698145866,-0.33793386816978455,0.9409719705581665,0,0,0.5075240135192871,0.01730000041425228,1,0.9985359907150269,-0.04781403765082359,-0.02528913877904415,0,0.05018305033445358,0.9933840036392212,0.10329198837280273,0,0.0201831366866827,-0.10440999269485474,0.9943299889564514,0,0,0.5924550294876099,0,1,0.9985740184783936,-0.047660037875175476,-0.024049140512943268,0,0.0499100536108017,0.9933450222015381,0.10379798710346222,0,0.018942134454846382,-0.10484999418258667,0.9943079948425293,0,0,0.6770910024642944,0,1,0.9982399940490723,-0.05195107311010361,-0.028613928705453873,0,0.051454078406095505,0.9985160231590271,-0.017848890274763107,0,0.02949892356991768,0.016344891861081123,0.9994310140609741,0,0,0.7617279887199402,0,1,0.9961159825325012,0.06073432415723801,-0.06374937295913696,0,-0.05944133177399635,0.9979899525642395,0.02199064940214157,0,0.06495644152164459,-0.018115684390068054,0.9977239966392517,0,0,0.4304009974002838,0.4590049982070923,1,0.2936897873878479,0.07671993225812912,-0.9528170824050903,0,0.932370126247406,0.19681087136268616,0.3032347857952118,0,0.21078883111476898,-0.9774350523948669,-0.013730021193623543,0,0.47015199065208435,0.7040650248527527,0.03279099985957146,1,0.9913560152053833,-0.11603326350450516,0.06123892217874527,0,0.010552211664617062,0.53575599193573,0.844307005405426,0,-0.13077718019485474,-0.8363619446754456,0.5323500633239746,0,0,0.8256480097770691,0,1,0.050199102610349655,0.9961249828338623,-0.0722159892320633,0,-0.9959250092506409,0.0445031076669693,-0.07844000309705734,0,-0.07492199540138245,0.07585900276899338,0.9943000078201294,0,0,4.095059871673584,0,1,-0.9004921317100525,0.42338669300079346,-0.09928099066019058,0,0.423887699842453,0.8035820722579956,-0.4178211987018585,0,-0.09711996465921402,-0.41832923889160156,-0.9030888676643372,0,0,1.9464800357818604,0,1,-0.5586829781532288,-0.6266220211982727,-0.5433400273323059,0,0.7122660279273987,-0.026864999905228615,-0.7013959884643555,0,0.4249129891395569,-0.7788599729537964,0.46133100986480713,0,-0.12967200577259064,-0.004681000020354986,0.04608999937772751,1,0.8233709931373596,0.5547130107879639,0.1198040023446083,0,-0.5163969993591309,0.819890022277832,-0.2472119927406311,0,-0.23535799980163574,0.1416810005903244,0.9615269899368286,0,-0.08256500214338303,0.07292500138282776,0,1,0.9226800203323364,0.3855479955673218,-0.00367600005120039,0,-0.38349199295043945,0.9166889786720276,-0.11231599748134613,0,-0.03993299975991249,0.10504200309515,0.9936659932136536,0,-0.10254400223493576,0.661391019821167,0,1,0.7877079844474792,-0.615198016166687,0.03236699849367142,0,0.6000139713287354,0.7542359828948975,-0.26666900515556335,0,0.13964200019836426,0.22947800159454346,0.9632449746131897,0,-0.1567710041999817,-0.13281600177288055,-0.03998799994587898,1,0.9999009966850281,-0.013918999582529068,0.002096999902278185,0,0.014034000225365162,0.9973040223121643,-0.07202000170946121,0,-0.001088000019080937,0.07204200327396393,0.9974009990692139,0,-0.017469000071287155,0.5395839810371399,0,1,0.9988290071487427,-0.04836000129580498,0.0015620000194758177,0,0.048385001718997955,0.9981769919395447,-0.03608600050210953,0,0.00018600000475998968,0.0361189991235733,0.9993469715118408,0,0.012164000421762466,0.4992719888687134,0,1,0.7940459847450256,-0.6069790124893188,-0.032680001109838486,0,0.5781859755516052,0.7707849740982056,-0.26756298542022705,0,0.18759499490261078,0.19356200098991394,0.9629859924316406,0,0.1567710041999817,0.2477020025253296,-0.05942400172352791,1,0.9972270131111145,-0.07437100261449814,0.0028669999446719885,0,0.07439400255680084,0.994924008846283,-0.0677570030093193,0,0.0021860001143068075,0.06778299808502197,0.9976980090141296,0,-0.0019529999699443579,0.3832220137119293,0,1,0.9997550249099731,-0.022151999175548553,0.00007999999797903001,0,0.02214200049638748,0.9991819858551025,-0.033838000148534775,0,0.0006699999794363976,0.033831000328063965,0.9994270205497742,0,-0.0015869999770075083,0.35795900225639343,0,1,0.3037969470024109,-0.10665597766637802,0.9467480182647705,0,-0.883167028427124,0.34122800827026367,0.3218359351158142,0,-0.35738301277160645,-0.9339100122451782,0.009468991309404373,0,-0.47015199065208435,0.7019659876823425,-0.028788000345230103,1,0.7869531512260437,0.43987399339675903,-0.43268463015556335,0,0.11360177397727966,0.5859748125076294,0.8023261427879333,0,0.6064648032188416,-0.6805471181869507,0.4111640453338623,0,0,0.8256480097770691,0,1,0.3231819272041321,-0.9448649883270264,-0.05275200679898262,0,0.94479900598526,0.3189789354801178,0.07487600296735764,0,-0.05392100661993027,-0.07403899729251862,0.9957969784736633,0,0,4.095970153808594,0,1,0.8860009908676147,-0.21824201941490173,-0.40911298990249634,0,0.24994102120399475,0.9679399728775024,0.024940000846982002,0,0.3905540108680725,-0.12435100972652435,0.9121429920196533,0,0,1.9415810108184814,0,1,0.9575449824333191,0.2377070039510727,0.16310200095176697,0,-0.2611660063266754,0.9548419713973999,0.1416659951210022,0,-0.12206199765205383,-0.17824800312519073,0.9763849973678589,0,-0.06941299885511398,0.19356800615787506,-0.045239001512527466,1,0.9927600026130676,-0.10666900128126144,-0.05522200092673302,0,0.1072079986333847,0.9942129850387573,0.0068720001727342606,0,0.05416899919509888,-0.012741999700665474,0.998449981212616,0,0.07321099936962128,0.15170200169086456,0,1,0.9748160243034363,-0.22290900349617004,-0.0067529999651014805,0,0.22228500247001648,0.9736400246620178,-0.05112899839878082,0,0.017971999943256378,0.048340000212192535,0.9986690282821655,0,0.05226999893784523,0.6198980212211609,0,1,0.9691280126571655,0.2463490068912506,0.010181000456213951,0,-0.24400199949741364,0.9641879796981812,-0.10394199937582016,0,-0.03542200103402138,0.09824900329113007,0.994530975818634,0,0.032423000782728195,0.23992100358009338,-0.039709001779556274,1,0.9997580051422119,-0.021990999579429626,0.0008609999786131084,0,0.021990999579429626,0.9997580051422119,0.000006000000212225132,0,-0.0008609999786131084,0.000012999999853491317,1,0,0.008605999872088432,0.5635939836502075,0,1,0.9999939799308777,-0.0034489999525249004,-0.0002579999854788184,0,0.0034489999525249004,0.9999939799308777,-0.000003000000106112566,0,0.0002579999854788184,0.0000019999999949504854,1,0,-0.0035429999697953463,0.5197169780731201,0,1,0.9705910086631775,0.23796400427818298,0.036428000777959824,0,-0.23315200209617615,0.9668710231781006,-0.10392399877309799,0,-0.05995199829339981,0.09237399697303772,0.9939180016517639,0,-0.032423000782728195,0.15070399641990662,-0.03167499974370003,1,0.9999949932098389,-0.003198999911546707,0.0000999999901978299,0,0.003198999911546707,0.9999949932098389,0,0,-0.0000999999901978299,0,1,0,0.0020490000024437904,0.4897159934043884,0,1,0.9999750256538391,-0.007075999863445759,-0.00024199999461416155,0,0.007075999863445759,0.9999750256538391,0,0,0.00024199999461416155,0,1,0,0.0004440000047907233,0.4518350064754486,0,1,-0.9418697953224182,-0.22660472989082336,0.24805286526679993,0,0.33441945910453796,-0.7033219933509827,0.6272967457771301,0,0.032312534749507904,0.6737856864929199,0.7382192611694336,0,0.48764899373054504,-0.3195039927959442,0.003722999943420291,1,0.958480715751648,-0.2309819906949997,0.16722114384174347,0,0.2487059235572815,0.39025142788887024,-0.8864808678627014,0,0.13950318098068237,0.8912638425827026,0.4314947724342346,0,0,2.3406128883361816,0,1,0.5748291015625,-0.20980459451675415,0.7909190058708191,0,-0.8110079169273376,-0.017565108835697174,0.5847710967063904,0,-0.10879569500684738,-0.9775850772857666,-0.18024973571300507,0,0,2.7173449993133545,0,1,0.9715719819068909,-0.23673801124095917,0.001979007851332426,0,0.23174099624156952,0.9527069926261902,0.19658303260803223,0,-0.048424020409584045,-0.1905360370874405,0.9804850220680237,0,0,0.3666679859161377,0,1,-0.9119800329208374,0.36109885573387146,-0.19467687606811523,0,-0.39633476734161377,-0.8980332016944885,0.1909324824810028,0,-0.10588113218545914,0.2512844204902649,0.9621050953865051,0,-0.48764899373054504,-0.3195039927959442,-0.005078000016510487,1,0.9887809753417969,0.02096186764538288,-0.14789198338985443,0,-0.0973568856716156,0.8413439393043518,-0.5316590666770935,0,0.11328304558992386,0.5400930643081665,0.833946943283081,0,0,2.3037970066070557,0,1,0.9609269499778748,0.13871139287948608,-0.23953697085380554,0,0.24856805801391602,-0.05166737362742424,0.9672359228134155,0,0.12179028242826462,-0.9889839291572571,-0.08412746340036392,0,0,2.5493650436401367,0,1,0.9965159893035889,-0.08340500295162201,-0.0000020000200038339244,0,0.08330799639225006,0.9953569769859314,0.048211000859737396,0,-0.004019000101834536,-0.04804300144314766,0.9988369941711426,0,0,0.7431719899177551,0,1
K0.067,0.9899269342422485,0.13919226825237274,-0.025877969339489937,0,-0.14062826335430145,0.9878589510917664,-0.06601689010858536,0,0.016374969854950905,0.06899088621139526,0.9974830150604248,0,-0.5531892776489258,5.127707481384277,-0.017086125910282135,1,0.9880250096321106,-0.10894430428743362,-0.10926160961389542,0,0.13831016421318054,0.9392259120941162,0.3142031729221344,0,0.06839051097631454,-0.32555311918258667,0.9430469870567322,0,0,0.5075240135192871,0.01730000041425228,1,0.9978910088539124,-0.05171896144747734,-0.039221860468387604,0,0.055469948798418045,0.993287980556488,0.1015000119805336,0,0.03370886668562889,-0.10346201062202454,0.9940620064735413,0,0,0.5924550294876099,0,1,0.9979580044746399,-0.051379963755607605,-0.037952862679958344,0,0.05502994731068611,0.9932230114936829,0.10236801207065582,0,0.032435864210128784,-0.10424800962209702,0.994022011756897,0,0,0.6770910024642944,0,1,0.9980120062828064,-0.059247929602861404,-0.021511070430278778,0,0.05911192670464516,0.9982280135154724,-0.006884108763188124,0,0.02188107557594776,0.005599106661975384,0.9997450113296509,0,0,0.7617279887199402,0,1,0.995648980140686,0.0931776762008667,-0.0008386252447962761,0,-0.09275367110967636,0.9918890595436096,0.08690334856510162,0,0.008928556926548481,-0.0864473208785057,0.9962159991264343,0,0,0.4304009974002838,0.4590049982070923,1,0.2733941972255707,0.06989006698131561,-0.9593599438667297,0,0.9419328570365906,0.1827191412448883,0.281739205121994,0,0.19498416781425476,-0.9806779623031616,-0.015876978635787964,0,0.47015199065208435,0.7040650248527527,0.03279099985957146,1,0.988411009311676,-0.14209873974323273,0.053404077887535095,0,0.031666792929172516,0.5370650291442871,0.8429459929466248,0,-0.14846281707286835,-0.8314860463142395,0.5353410243988037,0,0,0.8256480097770691,0,1,0.06078089401125908,0.9955949783325195,-0.07138200849294662,0,-0.9953960180282593,0.05514789745211601,-0.07839799672365189,0,-0.07411600649356842,0.0758190006017685,0.994363009929657,0,0,4.095059871673584,0,1,-0.9141448736190796,0.3932873010635376,-0.09830300509929657,0,0.39443230628967285,0.8069049119949341,-0.43969079852104187,0,-0.09360303729772568,-0.4407147765159607,-0.8927531242370605,0,0,1.9464800357818604,0,1,-0.5586829781532288,-0.6266220211982727,-0.5433400273323059,0,0.7122660279273987,-0.026864999905228615,-0.7013949751853943,0,0.4249129891395569,-0.7788599729537964,0.46133100986480713,0,-0.12967200577259064,-0.004681000020354986,0.04608999937772751,1,0.8233709931373596,0.5547130107879639,0.1198040023446083,0,-0.5163969993591309,0.819890022277832,-0.2472119927406311,0,-0.23535799980163574,0.1416810005903244,0.9615259766578674,0,-0.08256500214338303,0.07292500138282776,0,1,0.9226800203323364,0.3855479955673218,-0.00367600005120039,0,-0.38349199295043945,0.9166889786720276,-0.11231599748134613,0,-0.03993299975991249,0.10504200309515,0.9936659932136536,0,-0.10254400223493576,0.661391019821167,0,1,0.7877079844474792,-0.615198016166687,0.03236699849367142,0,0.6000139713287354,0.7542359828948975,-0.2666679918766022,0,0.13964200019836426,0.22947700321674347,0.9632449746131897,0,-0.1567710041999817,-0.13281600177288055,-0.03998799994587898,1,0.9999009966850281,-0.013918999582529068,0.0020959998946636915,0,0.014034000225365162,0.9973040223121643,-0.07202000170946121,0,-0.001088000019080937,0.07204200327396393,0.9974009990692139,0,-0.017469000071287155,0.5395839810371399,0,1,0.9988290071487427,-0.04836000129580498,0.0015620000194758177,0,0.048385001718997955,0.9981769919395447,-0.03608600050210953,0,0.00018600000475998968,0.0361189991235733,0.9993469715118408,0,0.012164000421762466,0.4992719888687134,0,1,0.7940459847450256,-0.6069790124893188,-0.032680001109838486,0,0.5781859755516052,0.7707859873771667,-0.26756399869918823,0,0.18759499490261078,0.19356299936771393,0.9629859924316406,0,0.1567710041999817,0.2477020025253296,-0.05942400172352791,1,0.9972270131111145,-0.07436999678611755,0.0028669999446719885,0,0.07439400255680084,0.994924008846283,-0.0677570030093193,0,0.0021869998890906572,0.06778199970722198,0.9976980090141296,0,-0.0019529999699443579,0.3832220137119293,0,1,0.9997550249099731,-0.022151999175548553,0.00007999999797903001,0,0.02214200049638748,0.9991819858551025,-0.033838000148534775,0,0.0006699999794363976,0.033831000328063965,0.9994270205497742,0,-0.0015869999770075083,0.35795900225639343,0,1,0.2966720461845398,-0.10460001975297928,0.9492340087890625,0,-0.8857700228691101,0.3413650095462799,0.3144530653953552,0,-0.3569270074367523,-0.9340929985046387,0.008622008375823498,0,-0.47015199065208435,0.7019659876823425,-0.028788000345230103,1,0.8052487969398499,0.4405840039253235,-0.3968123495578766,0,0.09092022478580475,0.5695672035217285,0.816900908946991,0,0.5859251618385315,-0.6938868761062622,0.418584942817688,0,0,0.8256480097770691,0,1,0.31590306758880615,-0.9472919702529907,-0.0533289909362793,0,0.9472249746322632,0.31165507435798645,0.07506799697875977,0,-0.054490990936756134,-0.07422900199890137,0.9957510232925415,0,0,4.095970153808594,0,1,0.8852009773254395,-0.21955297887325287,-0.4101409912109375,0,0.2515469789505005,0.9675229787826538,0.024985000491142273,0,0.39133501052856445,-0.1252869814634323,0.9116799831390381,0,0,1.9415810108184814,0,1,0.9575449824333191,0.2377070039510727,0.16310200095176697,0,-0.2611669898033142,0.9548419713973999,0.1416659951210022,0,-0.12206199765205383,-0.17824800312519073,0.9763849973678589,0,-0.06941299885511398,0.19356800615787506,-0.045239001512527466,1,0.9927600026130676,-0.10666900128126144,-0.05522200092673302,0,0.10720700025558472,0.9942129850387573,0.0068720001727342606,0,0.05416899919509888,-0.012741999700665474,0.998449981212616,0,0.07321099936962128,0.15170200169086456,0,1,0.9748160243034363,-0.22290900349617004,-0.0067529999651014805,0,0.22228600084781647,0.9736400246620178,-0.05112899839878082,0,0.017971999943256378,0.048340000212192535,0.9986690282821655,0,0.05226999893784523,0.6198980212211609,0,1,0.9691280126571655,0.2463490068912506,0.010181000456213951,0,-0.24400199949741364,0.9641879796981812,-0.10394199937582016,0,-0.03542200103402138,0.09824900329113007,0.994530975818634,0,0.032423000782728195,0.23992100358009338,-0.039709001779556274,1,0.9997580051422119,-0.021990999579429626,0.0008609999786131084,0,0.021990999579429626,0.9997580051422119,0.000006000000212225132,0,-0.0008609999786131084,0.000012999999853491317,1,0,0.008605999872088432,0.5635939836502075,0,1,0.9999939799308777,-0.0034489999525249004,-0.0002579999854788184,0,0.0034489999525249004,0.9999939799308777,-0.000003000000106112566,0,0.0002579999854788184,0.0000019999999949504854,1,0,-0.0035429999697953463,0.5197169780731201,0,1,0.9705910086631775,0.23796400427818298,0.036428000777959824,0,-0.23315200209617615,0.9668710231781006,-0.10392399877309799,0,-0.05995199829339981,0.09237399697303772,0.9939180016517639,0,-0.032423000782728195,0.15070399641990662,-0.03167499974370003,1,0.9999949932098389,-0.003198999911546707,0.00009900000441120937,0,0.003198999911546707,0.9999949932098389,0,0,-0.00009900000441120937,0,1,0,0.0020490000024437904,0.4897159934043884,0,1,0.9999750256538391,-0.007075999863445759,-0.00024199999461416155,0,0.007075999863445759,0.9999750256538391,0,0,0.00024199999461416155,0,1,0,0.0004440000047907233,0.4518350064754486,0,1,-0.9248341917991638,-0.29908329248428345,0.23501312732696533,0,0.3801005482673645,-0.7033780217170715,0.6006512641906738,0,-0.014341535978019238,0.6448312997817993,0.7641897797584534,0,0.48764899373054504,-0.3195039927959442,0.003722999943420291,1,0.926731288433075,-0.32866501808166504,0.1820678561925888,0,0.341401070356369,0.5342565774917603,-0.7733141183853149,0,0.15689082443714142,0.7788121104240417,0.6073192954063416,0,0,2.3406128883361816,0,1,0.5894008874893188,-0.1692223995923996,0.7899180054664612,0,-0.8040600419044495,-0.02839789167046547,0.5938698649406433,0,-0.07806430757045746,-0.9851689338684082,-0.15280327200889587,0,0,2.7173449993133545,0,1,0.9713389873504639,-0.2376829832792282,0.002776992041617632,0,0.232355996966362,0.9519019722938538,0.1997319757938385,0,-0.050115980207920074,-0.19336196780204773,0.9798470139503479,0,0,0.3666679859161377,0,1,-0.9204519391059875,0.3456781506538391,-0.18241511285305023,0,-0.3721502423286438,-0.9177528023719788,0.13868851959705353,0,-0.11946986615657806,0.19554154574871063,0.9733908772468567,0,-0.48764899373054504,-0.3195039927959442,-0.005078000016510487,1,0.9892629981040955,0.007836130447685719,-0.14593401551246643,0,-0.08613710850477219,0.8379470705986023,-0.5389119386672974,0,0.11806295812129974,0.545695960521698,0.8296250700950623,0,0,2.3037970066070557,0,1,0.9554110765457153,0.17761361598968506,-0.2358890324831009,0,0.25431492924690247,-0.08901362866163254,0.9630160331726074,0,0.1500467211008072,-0.9800660610198975,-0.13021354377269745,0,0,2.5493650436401367,0,1,0.9965159893035889,-0.08340399712324142,-0.000003999979981017532,0,0.08330799639225006,0.9953569769859314,0.04820999875664711,0,-0.004017000086605549,-0.04804199934005737,0.9988369941711426,0,0,0.7431719899177551,0,1
