2.367,30,71,65
B0,mixamorig_Hips,-1,0.9989478588104248,0.044714782387018204,0.00028940418269485235,0,-0.04467034339904785,0.9986321330070496,-0.02689560130238533,0,-0.0014972485369071364,0.026824770495295525,0.9995892643928528,0,-1.3462415933609009,47.015480041503906,0.5528462529182434,1
B1,mixamorig_Spine,0,0.9982455968856812,0.018106380477547646,-0.05621539428830147,0,-0.012578015215694904,0.9952054023742676,0.09643638134002686,0,0.05770111829042435,-0.09555667638778687,0.9936872124671936,0,0,3.006695032119751,0.04984800145030022,1
B2,mixamorig_Spine1,1,0.9996881484985352,0.007427403703331947,-0.023793578147888184,0,-0.006641625892370939,0.999436616897583,0.03266126662492752,0,0.024023694917559624,-0.03249305859208107,0.999174177646637,0,0,3.508291006088257,0,1
B3,mixamorig_Spine2,2,0.9996841549873352,0.007400241680443287,-0.0239450354129076,0,-0.006611763034015894,0.9994399547576904,0.03256526589393616,0,0.02417280152440071,-0.032396405935287476,0.9991738200187683,0,0,4.009477138519287,0,1
B4,mixamorig_Neck,3,0.9994211792945862,0.03277725726366043,0.007713393773883581,0,-0.03319244459271431,0.997591495513916,0.06027497351169586,0,-0.005684294272214174,-0.060502734035253525,0.9981235861778259,0,0,4.510660171508789,0,1
B5,mixamorig_Head,4,0.9939517378807068,-0.04229578748345375,0.10126110911369324,0,0.04619896411895752,0.9982414841651917,-0.036596063524484634,0,-0.09955612570047379,0.04106009006500244,0.9941704869270325,0,0,9.72463607788086,-1.0079489946365356,1
B6,mixamorig_HeadTop_End,5,1,0,0,0,0,1,0,0,0,0,1,0,0,14.183483123779297,-1.4701039791107178,1
B7,mixamorig_LeftShoulder,3,-0.16291598975658417,-0.022911744192242622,-0.986360490322113,0,0.8147361278533936,0.5606846213340759,-0.1475830376148224,0,0.5564207434654236,-0.8276917338371277,-0.07270582020282745,0,3.803673028945923,5.458619117736816,-0.03970000147819519,1
B8,mixamorig_LeftArm,7,0.5105137228965759,-0.1432623714208603,0.8473621606826782,0,-0.46784472465515137,0.780211865901947,0.41318848729133606,0,-0.7201657295227051,-0.6081409454345703,0.3320067524909973,0,0,7.712862014770508,0,1
B9,mixamorig_LeftForeArm,8,0.24743366241455078,0.9682039022445679,0.022995680570602417,0,-0.9684742093086243,0.24730801582336426,0.008174468763172626,0,0.0022345948964357376,-0.024293456226587296,0.9997022151947021,0,0,7.453056812286377,0,1
B10,mixamorig_LeftHand,9,0.8828755021095276,0.27339184284210205,0.38036999106407166,0,-0.10503309220075607,0.9065374732017517,-0.40830305218696594,0,-0.4568101167678833,0.32109418511390686,0.8291282653808594,0,0,8.567209243774414,0,1
B11,mixamorig_LeftHandThumb1,10,0.5370809435844421,0.8373673558235168,0.10050641000270844,0,-0.8387532234191895,0.5174620747566223,0.16915056109428406,0,0.08964061737060547,-0.1751476526260376,0.9802627563476562,0,-1.0433599948883057,1.4149940013885498,0.5126559734344482,1
B12,mixamorig_LeftHandThumb2,11,0.9696913361549377,-0.2443331480026245,0.00030024832813069224,0,0.24428430199623108,0.9695207476615906,0.01880596950650215,0,-0.004886426031589508,-0.018162548542022705,0.9998230934143066,0,0.037330999970436096,1.464555025100708,0,1
B13,mixamorig_LeftHandThumb3,12,0.9204388856887817,0.3697870373725891,-0.1253705471754074,0,-0.38385164737701416,0.915837824344635,-0.11655678600072861,0,0.07161447405815125,0.15552304685115814,0.9851968288421631,0,-0.0980290025472641,1.486976981163025,0,1
B14,mixamorig_LeftHandThumb4,13,1,0,0,0,0,1,0,0,0,0,1,0,0.060697998851537704,0.9988920092582703,0,1
B15,mixamorig_LeftHandIndex1,10,0.9992495179176331,0.00021314174227882177,-0.038695041090250015,0,0.013026533648371696,0.9397253394126892,0.34147652983665466,0,0.036414358764886856,-0.34172582626342773,0.9390203952789307,0,-1.4891339540481567,5.363609790802002,-0.15700000524520874,1
B16,mixamorig_LeftHandIndex2,15,0.9962800145149231,-0.08461999893188477,-0.016272999346256256,0,0.08451864868402481,0.9228026866912842,0.37588760256767273,0,-0.016790999099612236,-0.37586459517478943,0.9265223741531372,0,0.02608799934387207,1.0279710292816162,0,1
B17,mixamorig_LeftHandIndex3,16,0.9996827840805054,-0.023860525339841843,-0.008019919507205486,0,0.025125419721007347,0.9652811884880066,0.2599978744983673,0,0.0015375580405816436,-0.26011717319488525,0.9655747413635254,0,-0.016390999779105186,0.8930140137672424,0,1
B18,mixamorig_LeftHandIndex4,17,1,0,0,0,0,1,0,0,0,0,1,0,-0.009696999564766884,0.7133510112762451,0,1
B19,mixamorig_LeftHandMiddle1,10,0.999848484992981,-0.01284772902727127,-0.011747187934815884,0,0.015242261812090874,0.9720816016197205,0.234145849943161,0,0.00841109175235033,-0.2342894971370697,0.972130298614502,0,-0.4045400023460388,5.818368911743164,-0.18967999517917633,1
B20,mixamorig_LeftHandMiddle2,19,0.9955147504806519,-0.09119698405265808,-0.0251716747879982,0,0.09136868268251419,0.8577627539634705,0.5058598518371582,0,-0.024541273713111877,-0.5058908462524414,0.8622480034828186,0,0.009393000043928623,1.0020699501037598,0,1
B21,mixamorig_LeftHandMiddle3,20,0.9999989867210388,0.0002610104565974325,-0.0014656400308012962,0,-0.00008046218135859817,0.9925124049186707,0.12213565409183502,0,0.0014862535754218698,-0.12213565409183502,0.9925107955932617,0,-0.012515000067651272,0.9817540049552917,0,1
B22,mixamorig_LeftHandMiddle4,21,1,0,0,0,0,1,0,0,0,0,1,0,0.0031220000237226486,0.6800310015678406,0,1
B23,mixamorig_LeftHandRing1,10,0.9969773888587952,-0.07455920428037643,-0.021650947630405426,0,0.07630536705255508,0.8895003199577332,0.45050403475761414,0,-0.014336162246763706,-0.45079857110977173,0.8925088047981262,0,0.4192520081996918,5.651177883148193,0.010463999584317207,1
B24,mixamorig_LeftHandRing2,23,0.9981889724731445,-0.05906024947762489,-0.01143729966133833,0,0.059054598212242126,0.9257798194885254,0.3734215497970581,0,-0.011465299874544144,-0.3734205663204193,0.9275908470153809,0,-0.0014270000392571092,1.0228209495544434,0,1
B25,mixamorig_LeftHandRing3,24,0.999760627746582,-0.021847225725650787,-0.0012188790133222938,0,0.02183692529797554,0.9926639199256897,0.11890155076980591,0,-0.001388427335768938,-0.11889955401420593,0.9929033517837524,0,0.0016400000313296914,0.8973879814147949,0,1
B26,mixamorig_LeftHandRing4,25,1,0,0,0,0,1,0,0,0,0,1,0,-0.00021399999968707561,0.6661630272865295,0,1
B27,mixamorig_LeftHandPinky1,10,0.9786443710327148,-0.1822609007358551,-0.09505245834589005,0,0.20477263629436493,0.8239917159080505,0.5282877683639526,0,-0.017964450642466545,-0.5364705920219421,0.8437169790267944,0,1.4744210243225098,4.337375164031982,-0.2284419983625412,1
B28,mixamorig_LeftHandPinky2,27,0.9997602105140686,0.020941531285643578,-0.006373172625899315,0,-0.018071481958031654,0.9539064168930054,0.2995167374610901,0,0.01234748587012291,-0.29932957887649536,0.9540567994117737,0,0.00430600019171834,1.2169489860534668,0,1
B29,mixamorig_LeftHandPinky3,28,0.9995627999305725,-0.02948690578341484,-0.0021775406785309315,0,0.02956305257976055,0.9955363869667053,0.08950912952423096,0,-0.0004749562358483672,-0.08953442424535751,0.9959732294082642,0,0.003512999974191189,0.9416490197181702,0,1
B30,mixamorig_LeftHandPinky4,29,1,0,0,0,0,1,0,0,0,0,1,0,-0.007818000391125679,0.7430449724197388,0,1
B31,mixamorig_RightShoulder,3,-0.07559177279472351,-0.000060775339079555124,0.9969990253448486,0,-0.8880221843719482,0.45438438653945923,-0.06722821295261383,0,-0.4530375301837921,-0.8907005190849304,-0.03461729735136032,0,-3.803673028945923,5.459414005279541,0.00825399998575449,1
B32,mixamorig_RightArm,31,0.3310617506504059,-0.16975411772727966,-0.9281450510025024,0,0.477438360452652,0.8783802390098572,0.009736605919897556,0,0.8137322664260864,-0.44647637009620667,0.3717188537120819,0,0,7.712862014770508,0,1
B33,mixamorig_RightForeArm,32,0.29508715867996216,-0.9548778533935547,-0.013788469135761261,0,0.9549415111541748,0.29517027735710144,-0.0044301277957856655,0,0.0083045344799757,-0.011859891004860401,0.999894917011261,0,0,7.450837135314941,0,1
B34,mixamorig_RightHand,33,0.9360930323600769,-0.21403034031391144,-0.279004842042923,0,0.023750122636556625,0.830055832862854,-0.5571025609970093,0,0.3508765995502472,0.5149236917495728,0.7821245789527893,0,0,8.545873641967773,0,1
B35,mixamorig_RightHandThumb1,34,0.7299765348434448,-0.673303484916687,0.11657898873090744,0,0.6832214593887329,0.7220470905303955,-0.10749475657939911,0,-0.01165354810655117,0.1580917090177536,0.9872881174087524,0,1.0569230318069458,1.4232120513916016,0.5057200193405151,1
B36,mixamorig_RightHandThumb2,35,0.9640961289405823,0.26553037762641907,0.003387309145182371,0,-0.26550471782684326,0.9636028409004211,0.03125503659248352,0,0.005035284906625748,-0.031032590195536613,0.9995056986808777,0,-0.06506600230932236,1.4733350276947021,0,1
B37,mixamorig_RightHandThumb3,36,0.996663510799408,0.07768917828798294,-0.014399966225028038,0,-0.07791292667388916,0.9966164231300354,-0.016150599345564842,0,0.013161987066268921,0.017270183190703392,0.9997570514678955,0,0.08376500010490417,1.4923640489578247,0,1
B38,mixamorig_RightHandThumb4,37,1,0,0,0,0,1,0,0,0,0,1,0,-0.018699999898672104,1.0081199407577515,0,1
B39,mixamorig_RightHandIndex1,34,0.9740644693374634,-0.2192753404378891,0.055824387818574905,0,0.2257038801908493,0.9241507053375244,-0.30821871757507324,0,0.0159944836050272,0.3128250539302826,0.949673593044281,0,1.4541150331497192,5.003341197967529,-0.11346500366926193,1
B40,mixamorig_RightHandIndex2,39,0.9961372017860413,0.08646931499242783,0.015271284617483616,0,-0.08649046719074249,0.9362442493438721,0.34052684903144836,0,0.015148751437664032,-0.3405321538448334,0.9401063323020935,0,-0.02957499958574772,1.086137056350708,0,1
B41,mixamorig_RightHandIndex3,40,0.9996827840805054,0.024596072733402252,0.005490625277161598,0,-0.02519281953573227,0.9810715317726135,0.1919972449541092,0,-0.0006640556966885924,-0.19207453727722168,0.9813798069953918,0,0.0167859997600317,1.0490959882736206,0,1
B42,mixamorig_RightHandIndex4,41,1,0,0,0,0,1,0,0,0,0,1,0,0.012788999825716019,0.8018559813499451,0,1
B43,mixamorig_RightHandMiddle1,34,0.9814498424530029,-0.19131983816623688,-0.012164099141955376,0,0.19166870415210724,0.9779201149940491,0.0827142521739006,0,-0.003944844007492065,-0.08351071178913116,0.9964527487754822,0,0.4165070056915283,5.760152816772461,-0.15164999663829803,1
B44,mixamorig_RightHandMiddle2,43,0.9984388947486877,0.05536818876862526,0.007356279995292425,0,-0.05537718906998634,0.9640906453132629,0.2597333490848541,0,0.007289279717952013,-0.2597353458404541,0.9656516909599304,0,-0.009325999766588211,1.0205719470977783,0,1
B45,mixamorig_RightHandMiddle3,44,1,0.0002099544944940135,0.0007645990699529648,0,-0.0002479545073583722,0.9987269043922424,0.05045268312096596,0,-0.0007532488089054823,-0.05045268312096596,0.9987258911132812,0,0.008352000266313553,0.9933099746704102,0,1
B46,mixamorig_RightHandMiddle4,45,1,0,0,0,0,1,0,0,0,0,1,0,0.0009749999735504389,0.7736309766769409,0,1
B47,mixamorig_RightHandRing1,34,0.9954575896263123,-0.0787167027592659,-0.05346651002764702,0,0.08143361657857895,0.9953826069831848,0.05069420114159584,0,0.049224853515625,-0.05481801927089691,0.9972811341285706,0,-0.42936500906944275,5.649660110473633,-0.10736899822950363,1
B48,mixamorig_RightHandRing2,47,0.9977478981018066,0.06602679938077927,0.011795182712376118,0,-0.0660008043050766,0.9352028369903564,0.34790730476379395,0,0.011940832249820232,-0.3479022979736328,0.9374542832374573,0,0.001256000017747283,0.9784529805183411,0,1
B49,mixamorig_RightHandRing3,48,0.9999949932098389,0.0030887925531715155,-0.00003199999991920777,0,-0.0030887925531715155,0.9999913573265076,0.002716612070798874,0,0.000039999998989515007,-0.002716612070798874,0.9999963641166687,0,-0.00171999994199723,0.9120910167694092,0,1
B50,mixamorig_RightHandRing4,49,1,0,0,0,0,1,0,0,0,0,1,0,0.00046400001156143844,0.7293429970741272,0,1
B51,mixamorig_RightHandPinky1,34,0.9996797442436218,0.02517455257475376,0.0006600795313715935,0,-0.023493554443120956,0.9228236079216003,0.38448548316955566,0,0.00906280241906643,-0.38437986373901367,0.923125684261322,0,-1.4412569999694824,4.374866962432861,-0.17315399646759033,1
B52,mixamorig_RightHandPinky2,51,0.999914288520813,0.01307064201682806,0.0006448019412346184,0,-0.013080292381346226,0.99667888879776,0.08037315309047699,0,0.00040800482383929193,-0.08037450164556503,0.996764600276947,0,-0.006434000097215176,1.1557730436325073,0,1
B53,mixamorig_RightHandPinky3,52,0.9995269775390625,0.03072604537010193,0.0014782994985580444,0,-0.030762044712901115,0.9982680678367615,0.050148624926805496,0,0.00006464976468123496,-0.05016997456550598,0.9987407326698303,0,-0.0057219997979700565,0.9428189992904663,0,1
B54,mixamorig_RightHandPinky4,53,1,0,0,0,0,1,0,0,0,0,1,0,0.012155000120401382,0.7500280141830444,0,1
B55,mixamorig_LeftUpLeg,0,-0.9717505574226379,-0.07870727777481079,0.22223566472530365,0,0.09007760882377625,-0.9950164556503296,0.041767269372940063,0,0.21788345277309418,0.06066471338272095,0.974019467830658,0,4.61150598526001,-1.6735310554504395,-0.3236300051212311,1
B56,mixamorig_LeftLeg,55,0.9975273609161377,-0.0009429697529412806,0.04924241453409195,0,0.004210997838526964,0.9957756996154785,-0.08847155421972275,0,-0.04916560277342796,0.08893664926290512,0.9933558702468872,0,0,15.501882553100586,0,1
B57,mixamorig_LeftFoot,56,0.9363378882408142,-0.08717646449804306,0.34010380506515503,0,-0.09083018451929092,0.8755508065223694,0.4744825065135956,0,-0.3391434848308563,-0.4751676321029663,0.8118931651115417,0,0,16.035125732421875,0,1
B58,mixamorig_LeftToeBase,57,0.992939293384552,0.010312806814908981,0.11817322671413422,0,-0.0743417963385582,0.8304049372673035,0.5521774888038635,0,-0.09243658185005188,-0.5570638179779053,0.8253083825111389,0,0,6.843776226043701,0,1
B59,mixamorig_LeftToe_End,58,1,0,0,0,0,1,0,0,0,0,1,0,0,2.8865439891815186,0,1
B60,mixamorig_RightUpLeg,0,-0.967825710773468,0.10728155821561813,-0.2275625318288803,0,-0.11862789839506149,-0.9921431541442871,0.03706540912389755,0,-0.2217993289232254,0.0628683939576149,0.9729483127593994,0,-4.61150598526001,-1.6735310554504395,-0.1457040011882782,1
B61,mixamorig_RightLeg,60,0.9835943579673767,-0.04059792309999466,-0.1755552738904953,0,0.029403746128082275,0.9969963431358337,-0.06575222313404083,0,0.1779404878616333,0.059502847492694855,0.9818659424781799,0,0,15.521526336669922,0,1
B62,mixamorig_RightFoot,61,0.8683888912200928,0.10286020487546921,-0.4843354821205139,0,0.1495833396911621,0.8778472542762756,0.4546792805194855,0,0.47203439474105835,-0.4677274227142334,0.7469595074653625,0,0,16.031518936157227,0,1
B63,mixamorig_RightToeBase,62,0.9944347739219666,-0.01767980493605137,-0.10381822288036346,0,0.07143577933311462,0.8376905918121338,0.5414155721664429,0,0.07739388942718506,-0.5458190441131592,0.8342914581298828,0,0,6.70288610458374,0,1
B64,mixamorig_RightToe_End,63,1,0,0,0,0,1,0,0,0,0,1,0,0,2.8059799671173096,0,1
@52,0,1,2,3,4,5,7,8,9,10,11,12,13,15,16,17,19,20,21,23,24,25,27,28,29,31,32,33,34,35,36,37,39,40,41,43,44,45,47,48,49,51,52,53,55,56,57,58,60,61,62,63
K0.000,0.9999279975891113,-0.007387999910861254,0.00944599974900484,0,0.00826799962669611,0.995278000831604,-0.09671399742364883,0,-0.008686999790370464,0.09678500145673752,0.9952669739723206,0,-0.019891999661922455,37.45939636230469,0.5303109884262085,1,0.9998499751091003,0.017177000641822815,0.00203300011344254,0,-0.017273999750614166,0.9976649880409241,0.06607799977064133,0,-0.0008929999894462526,-0.066102996468544,0.9978119730949402,0,0,3.006695032119751,0.04984800145030022,1,0.9999939799308777,0.0033100000582635403,0.0006179999909363687,0,-0.003315000096336007,0.9999499917030334,0.009405000135302544,0,-0.0005859999801032245,-0.009406999684870243,0.9999560117721558,0,0,3.508291006088257,0,1,0.9999939799308777,0.003326999954879284,0.0006140000186860561,0,-0.0033319999929517508,0.9999499917030334,0.00939599983394146,0,-0.0005830000154674053,-0.009398000314831734,0.9999560117721558,0,0,4.009477138519287,0,1,0.9997640252113342,-0.009926999919116497,-0.01930299960076809,0,0.010017000138759613,0.9999399781227112,0.004540000110864639,0,0.01925699971616268,-0.004732000175863504,0.9998030066490173,0,0,4.510660171508789,0,1,0.9998469948768616,-0.0091559998691082,0.014924000017344952,0,0.010885999538004398,0.9926810264587402,-0.12027399986982346,0,-0.013713999651372433,0.1204179972410202,0.9926289916038513,0,0,9.72463607788086,-1.0079489946365356,1,-0.015506000258028507,0.012312999926507473,-0.9998040199279785,0,0.952118992805481,0.30552899837493896,-0.011003999970853329,0,0.3053329885005951,-0.9521030187606812,-0.016460999846458435,0,3.803673028945923,5.458619117736816,-0.03970000147819519,1,0.9069129824638367,0.41512900590896606,0.07195200026035309,0,-0.07552000135183334,-0.007840000092983246,0.9971129894256592,0,0.41449400782585144,-0.90972900390625,0.024240000173449516,0,0,7.712862014770508,0,1,0.8999390006065369,0.4356659948825836,0.01748800091445446,0,-0.43578800559043884,0.9000419974327087,0.00367900007404387,0,-0.01413699984550476,-0.01093200035393238,0.9998400211334229,0,0,7.453056812286377,0,1,0.9528809785842896,-0.25043800473213196,-0.17116600275039673,0,0.2907010018825531,0.915107011795044,0.27941399812698364,0,0.0866599977016449,-0.31600698828697205,0.9447910189628601,0,0,8.567209243774414,0,1,0.8714309930801392,0.48308300971984863,-0.08507999777793884,0,-0.4398989975452423,0.8463969826698303,0.30017000436782837,0,0.2170179933309555,-0.22415000200271606,0.9500839710235596,0,-1.0433599948883057,1.4149940013885498,0.5126559734344482,1,0.827426016330719,-0.5559229850769043,0.07947900146245956,0,0.5456089973449707,0.8293169736862183,0.12060000002384186,0,-0.13295799493789673,-0.05642300099134445,0.9895139932632446,0,0.037330999970436096,1.464555025100708,0,1,0.9661960005760193,0.2499990016222,-0.06297799944877625,0,-0.25490498542785645,0.9629359841346741,-0.08819500356912613,0,0.03859499841928482,0.1012670025229454,0.9941099882125854,0,-0.0980290025472641,1.486976981163025,0,1,0.9984970092773438,-0.017978999763727188,-0.05176600068807602,0,0.04047999903559685,0.8787220120429993,0.4756140112876892,0,0.03693599998950958,-0.47699499130249023,0.8781300187110901,0,-1.4891339540481567,5.363609790802002,-0.15700000524520874,1,0.9962790012359619,-0.08463399857282639,-0.01628199964761734,0,0.08453299850225449,0.9227460026741028,0.3760240077972412,0,-0.016800999641418457,-0.3760010004043579,0.9264670014381409,0,0.02608799934387207,1.0279710292816162,0,1,0.999688982963562,-0.02362699992954731,-0.007926000282168388,0,0.02487199939787388,0.9658669829368591,0.25784099102020264,0,0.001563000027090311,-0.25795799493789673,0.9661549925804138,0,-0.016390999779105186,0.8930140137672424,0,1,0.9994400143623352,-0.025144999846816063,-0.022084999829530716,0,0.031504999846220016,0.9295269846916199,0.3674049973487854,0,0.011289999820291996,-0.3678950071334839,0.9297990202903748,0,-0.4045400023460388,5.818368911743164,-0.18967999517917633,1,0.9939780235290527,-0.10372699797153473,-0.03534400090575218,0,0.10405900329351425,0.7922980189323425,0.6011949777603149,0,-0.03435700014233589,-0.6012529730796814,0.7983199954032898,0,0.009393000043928623,1.0020699501037598,0,1,0.9999880194664001,0.004769999999552965,-0.0011340000201016665,0,-0.004648999776691198,0.9959449768066406,0.0898440033197403,0,0.0015579999890178442,-0.08983799815177917,0.9959549903869629,0,-0.012515000067651272,0.9817540049552917,0,1,0.9992539882659912,-0.038238998502492905,-0.0054060001857578754,0,0.035307999700307846,0.8478789925575256,0.5290129780769348,0,-0.01564599946141243,-0.5288100242614746,0.8485959768295288,0,0.4192520081996918,5.651177883148193,0.010463999584317207,1,0.9976649880409241,-0.06671000272035599,-0.014651999808847904,0,0.06669899821281433,0.9054309725761414,0.4192200005054474,0,-0.014700000174343586,-0.4192180037498474,0.9077659845352173,0,-0.0014270000392571092,1.0228209495544434,0,1,0.9997749924659729,-0.02119000069797039,-0.0011399999493733048,0,0.021181000396609306,0.9931460022926331,0.11494600027799606,0,-0.001303000026382506,-0.11494400352239609,0.9933710098266602,0,0.0016400000313296914,0.8973879814147949,0,1,0.9891999959945679,-0.14011499285697937,-0.04301600158214569,0,0.14546099305152893,0.9024549722671509,0.40548399090766907,0,-0.017994999885559082,-0.4073620140552521,0.9130899906158447,0,1.4744210243225098,4.337375164031982,-0.2284419983625412,1,0.9993199706077576,-0.0247809998691082,-0.027298999950289726,0,0.03584799915552139,0.8261290192604065,0.5623400211334229,0,0.008617999963462353,-0.562936007976532,0.8264549970626831,0,0.00430600019171834,1.2169489860534668,0,1,0.9997289776802063,-0.023236000910401344,-0.0013419999741017818,0,0.023274000734090805,0.9983329772949219,0.05280900001525879,0,0.00011300000187475234,-0.05282599851489067,0.9986039996147156,0,0.003512999974191189,0.9416490197181702,0,1,0.08448900282382965,-0.017192000523209572,0.9962760210037231,0,-0.9504029750823975,0.2989630103111267,0.08575800061225891,0,-0.29932400584220886,-0.9541100263595581,0.008919999934732914,0,-3.803673028945923,5.459414005279541,0.00825399998575449,1,0.9211580157279968,-0.3891560137271881,-0.005042000208050013,0,0.015034000389277935,0.022633999586105347,0.9996309876441956,0,-0.38889798521995544,-0.9208940267562866,0.02669999934732914,0,0,7.712862014770508,0,1,0.8986709713935852,-0.4383090138435364,-0.016589000821113586,0,0.4383380115032196,0.8988080024719238,-0.00203300011344254,0,0.015800999477505684,-0.005444000009447336,0.9998599886894226,0,0,7.450837135314941,0,1,0.9864580035209656,0.16262300312519073,0.021338000893592834,0,-0.164001002907753,0.9761890172958374,0.14198200404644012,0,0.002259999979287386,-0.14355899393558502,0.9896389842033386,0,0,8.545873641967773,0,1,0.9063199758529663,-0.4222150146961212,-0.01787799969315529,0,0.4098750054836273,0.8679569959640503,0.2804509997367859,0,-0.10289300233125687,-0.26150599122047424,0.9597020149230957,0,1.0569230318069458,1.4232120513916016,0.5057200193405151,1,0.8294960260391235,0.558230996131897,-0.017714999616146088,0,-0.5551499724388123,0.8275629878044128,0.0833590030670166,0,0.06119399890303612,-0.05931200087070465,0.9963619709014893,0,-0.06506600230932236,1.4733350276947021,0,1,0.9857680201530457,-0.1663839966058731,0.02404399961233139,0,0.1675339937210083,0.9841300249099731,-0.05847899988293648,0,-0.013933000154793262,0.06167500093579292,0.9979990124702454,0,0.08376500010490417,1.4923640489578247,0,1,0.9914929866790771,-0.12658099830150604,-0.030302999541163445,0,0.12706999480724335,0.8909620046615601,0.43593600392341614,0,-0.028181999921798706,-0.4360780119895935,0.8994669914245605,0,1.4541150331497192,5.003341197967529,-0.11346500366926193,1,0.9951249957084656,0.09638199955224991,0.020893000066280365,0,-0.09619399905204773,0.9018880128860474,0.42112401127815247,0,0.02174600027501583,-0.421081006526947,0.9067620038986206,0,-0.02957499958574772,1.086137056350708,0,1,0.9999979734420776,0.002179000061005354,0.0003009999927598983,0,-0.0021840000990778208,0.9998499751091003,0.017187999561429024,0,-0.0002629999944474548,-0.017187999561429024,0.9998520016670227,0,0.0167859997600317,1.0490959882736206,0,1,0.9971349835395813,-0.07267200201749802,-0.020983999595046043,0,0.07446999847888947,0.8945260047912598,0.4407689869403839,0,-0.013260999694466591,-0.44106900691986084,0.8973749876022339,0,0.4165070056915283,5.760152816772461,-0.15164999663829803,1,0.9969490170478821,0.07635299861431122,0.01619900017976761,0,-0.07634499669075012,0.910742998123169,0.40585601329803467,0,0.016234999522566795,-0.4058539867401123,0.9137939810752869,0,-0.009325999766588211,1.0205719470977783,0,1,0.9999589920043945,0.008965999819338322,0.0009480000007897615,0,-0.009015999734401703,0.993897020816803,0.10993999987840652,0,0.00004400000034365803,-0.10994400084018707,0.9939380288124084,0,0.008352000266313553,0.9933099746704102,0,1,0.9992859959602356,0.020205000415444374,-0.031922001391649246,0,-0.005446000024676323,0.9131860136985779,0.4075070023536682,0,0.0373850017786026,-0.407041996717453,0.9126440286636353,0,-0.42936500906944275,5.649660110473633,-0.10736899822950363,1,0.9963449835777283,0.0832820013165474,0.01897200010716915,0,-0.08323699980974197,0.8968520164489746,0.43442898988723755,0,0.019164999946951866,-0.43442100286483765,0.9005060195922852,0,0.001256000017747283,0.9784529805183411,0,1,0.9999510049819946,0.009913000278174877,0.000019999999494757503,0,-0.00990699976682663,0.9992640018463135,0.037053000181913376,0,0.00034699999378062785,-0.0370509997010231,0.9993129968643188,0,-0.00171999994199723,0.9120910167694092,0,1,0.9998949766159058,-0.003713000100106001,-0.013980000279843807,0,0.010506999678909779,0.850695013999939,0.5255550146102905,0,0.009940999560058117,-0.525646984577179,0.8506450057029724,0,-1.4412569999694824,4.374866962432861,-0.17315399646759033,1,0.9975510239601135,0.06876499950885773,0.012782000005245209,0,-0.06799700111150742,0.9106519818305969,0.4075410068035126,0,0.016383999958634377,-0.4074130058288574,0.9130970239639282,0,-0.006434000097215176,1.1557730436325073,0,1,0.999127984046936,0.04161800071597099,0.0034539999905973673,0,-0.04173799976706505,0.9924399852752686,0.1154170036315918,0,0.0013760000001639128,-0.11546099931001663,0.9933109879493713,0,-0.0057219997979700565,0.9428189992904663,0,1,-0.9838610291481018,-0.07302699983119965,0.1633549928665161,0,0.08036299794912338,-0.9960119724273682,0.038756001740694046,0,0.15987299382686615,0.05125899985432625,0.9858059883117676,0,4.61150598526001,-1.6735310554504395,-0.3236300051212311,1,0.9939029812812805,0.030209999531507492,-0.10603799670934677,0,-0.05960800126194954,0.9562919735908508,-0.2862739861011505,0,0.09275499731302261,0.2908500134944916,0.9522619843482971,0,0,15.501882553100586,0,1,0.9368370175361633,-0.020533999428153038,0.3491620123386383,0,-0.2961049973964691,0.4847770035266876,0.8229900002479553,0,-0.1861650049686432,-0.8743969798088074,0.448076993227005,0,0,16.035125732421875,0,1,0.9909330010414124,0,0.13435600697994232,0,-0.07960300147533417,0.8055819869041443,0.5871130228042603,0,-0.10823500156402588,-0.5924839973449707,0.7982779741287231,0,0,6.843776226043701,0,1,-0.9873530268669128,0.0629120022058487,-0.14552000164985657,0,-0.05853300169110298,-0.9976999759674072,-0.03418099880218506,0,-0.14733600616455078,-0.025231000036001205,0.9887650012969971,0,-4.61150598526001,-1.6735310554504395,-0.1457040011882782,1,0.988627016544342,-0.11864399909973145,-0.09240800142288208,0,0.09892500191926956,0.9758809804916382,-0.19460099935531616,0,0.11326800286769867,0.18324600160121918,0.9765200018882751,0,0,15.521526336669922,0,1,0.9301249980926514,0.0737610012292862,-0.35975900292396545,0,0.26032400131225586,0.5585489869117737,0.7875620126724243,0,0.25903499126434326,-0.8261849880218506,0.5003190040588379,0,0,16.031518936157227,0,1,0.9912520051002502,0.00013099999341648072,-0.13198600709438324,0,0.07978600263595581,0.7960100173950195,0.6000019907951355,0,0.10514099895954132,-0.6052839756011963,0.7890350222587585,0,0,6.70288610458374,0,1
K0.033,0.9999250173568726,-0.00684799300506711,0.010181006975471973,0,0.007789993658661842,0.9953929781913757,-0.09556098282337189,0,-0.009479007683694363,0.09563298523426056,0.9953709840774536,0,-0.006752961315214634,37.451717376708984,0.5092945694923401,1,0.9998599886894226,0.016486993059515953,0.002712004818022251,0,-0.01663399301469326,0.9975299835205078,0.06824404746294022,0,-0.001581004704348743,-0.06827904284000397,0.9976649880409241,0,0,3.006695032119751,0.04984800145030022,1,0.9999949932098389,0.00304199755191803,0.0009180021588690579,0,-0.0030509973876178265,0.9999420046806335,0.010326019488275051,0,-0.0008870021556504071,-0.010329019278287888,0.9999459981918335,0,0,3.508291006088257,0,1,0.9999949932098389,0.0030639974866062403,0.0009310023742727935,0,-0.0030739973299205303,0.9999420046806335,0.010318019427359104,0,-0.0008990023634396493,-0.01032101921737194,0.9999459981918335,0,0,4.009477138519287,0,1,0.9997379779815674,-0.01097600907087326,-0.020086007192730904,0,0.011091010645031929,0.999921977519989,0.005660010501742363,0,0.020023005083203316,-0.005881010554730892,0.9997820258140564,0,0,4.510660171508789,0,1,0.9998900294303894,-0.008759983815252781,0.01200597733259201,0,0.010230982676148415,0.9916579723358154,-0.1284921020269394,0,-0.010780978947877884,0.1286001056432724,0.9916380047798157,0,0,9.72463607788086,-1.0079489946365356,1,-0.015960007905960083,0.012303998693823814,-0.999796986579895,0,0.9521719813346863,0.3053489923477173,-0.011442006565630436,0,0.3051460087299347,-0.9521610140800476,-0.016589002683758736,0,3.803673028945923,5.458619117736816,-0.03970000147819519,1,0.9076589941978455,0.41363996267318726,0.07111901044845581,0,-0.0753210186958313,-0.0061659617349505424,0.9971399903297424,0,0.41289496421813965,-0.9104200005531311,0.025559041649103165,0,0,7.712862014770508,0,1,0.9004970192909241,0.4345109760761261,0.017482999712228775,0,-0.43463197350502014,0.900600016117096,0.0036689997650682926,0,-0.014151000417768955,-0.010902998968958855,0.9998400211334229,0,0,7.453056812286377,0,1,0.952817976474762,-0.24955198168754578,-0.17280298471450806,0,0.29015299677848816,0.9160019755363464,0.2770399749279022,0,0.08915200084447861,-0.3141079843044281,0.9451919794082642,0,0,8.567209243774414,0,1,0.872186005115509,0.4814409613609314,-0.08664101362228394,0,-0.4381919801235199,0.847661018371582,0.2990950047969818,0,0.21743899583816528,-0.22290100157260895,0.9502819776535034,0,-1.0433599948883057,1.4149940013885498,0.5126559734344482,1,0.8278909921646118,-0.5552480220794678,0.07934799790382385,0,0.5449770092964172,0.8297709822654724,0.12033200263977051,0,-0.13265499472618103,-0.05637900158762932,0.9895579814910889,0,0.037330999970436096,1.464555025100708,0,1,0.9666330218315125,0.2485249936580658,-0.06210299953818321,0,-0.2533310055732727,0.9633859992027283,-0.08780799806118011,0,0.03800699859857559,0.10061000287532806,0.9941999912261963,0,-0.0980290025472641,1.486976981163025,0,1,0.998458981513977,-0.018620004877448082,-0.05227600410580635,0,0.04144500568509102,0.8766509890556335,0.47933903336524963,0,0.03690300136804581,-0.48076704144477844,0.8760709762573242,0,-1.4891339540481567,5.363609790802002,-0.15700000524520874,1,0.9962779879570007,-0.08464600145816803,-0.01628899946808815,0,0.08454400300979614,0.9226999878883362,0.3761340081691742,0,-0.016807999461889267,-0.3761110007762909,0.9264219999313354,0,0.02608799934387207,1.0279710292816162,0,1,0.999688982963562,-0.023634999990463257,-0.007929000072181225,0,0.024879999458789825,0.9658470153808594,0.25791600346565247,0,0.0015620000194758177,-0.25803300738334656,0.9661350250244141,0,-0.016390999779105186,0.8930140137672424,0,1,0.9994210004806519,-0.025600001215934753,-0.02242100238800049,0,0.03209100291132927,0.9282349944114685,0.37060701847076416,0,0.01132499985396862,-0.37111201882362366,0.9285190105438232,0,-0.4045400023460388,5.818368911743164,-0.18967999517917633,1,0.9939680099487305,-0.10379800200462341,-0.035408999770879745,0,0.10412999987602234,0.7918769717216492,0.6017370223999023,0,-0.03441900014877319,-0.6017950177192688,0.7979090213775635,0,0.009393000043928623,1.0020699501037598,0,1,0.9999880194664001,0.004787000361829996,-0.001133000012487173,0,-0.004666000604629517,0.9959560036659241,0.08972299098968506,0,0.0015579999890178442,-0.08971599489450455,0.9959660172462463,0,-0.012515000067651272,0.9817540049552917,0,1,0.999243974685669,-0.038460005074739456,-0.005588002037256956,0,0.0355600044131279,0.8467720150947571,0.530767023563385,0,-0.01568100042641163,-0.53056401014328,0.8475000262260437,0,0.4192520081996918,5.651177883148193,0.010463999584317207,1,0.997672975063324,-0.0665929988026619,-0.014599000103771687,0,0.06658200174570084,0.9057649970054626,0.41851699352264404,0,-0.014646999537944794,-0.41851499676704407,0.9080920219421387,0,-0.0014270000392571092,1.0228209495544434,0,1,0.9997749924659729,-0.021170999854803085,-0.001137999934144318,0,0.021161999553442,0.9931589961051941,0.11483500152826309,0,-0.0013009998947381973,-0.11483299732208252,0.9933840036392212,0,0.0016400000313296914,0.8973879814147949,0,1,0.9893779754638672,-0.13887198269367218,-0.04296399652957916,0,0.144243985414505,0.9012280106544495,0.4086349904537201,0,-0.018028000369668007,-0.4104920029640198,0.9116860032081604,0,1.4744210243225098,4.337375164031982,-0.2284419983625412,1,0.9993090033531189,-0.025046000257134438,-0.02747100032866001,0,0.03617899864912033,0.8250839710235596,0.563850998878479,0,0.00854399986565113,-0.564454972743988,0.8254200220108032,0,0.00430600019171834,1.2169489860534668,0,1,0.9997310042381287,-0.02316099964082241,-0.0013340000296011567,0,0.02319899946451187,0.9983580112457275,0.05237000063061714,0,0.00011900000390596688,-0.05238699913024902,0.9986270070075989,0,0.003512999974191189,0.9416490197181702,0,1,0.08312397450208664,-0.017121998593211174,0.996392011642456,0,-0.9501919746398926,0.3000120222568512,0.08442497998476028,0,-0.3003750443458557,-0.9537820219993591,0.008668996393680573,0,-3.803673028945923,5.459414005279541,0.00825399998575449,1,0.9230859875679016,-0.3845549523830414,-0.00545201962813735,0,0.01440502144396305,0.020405003800988197,0.9996880292892456,0,-0.38432395458221436,-0.9228760004043579,0.024375010281801224,0,0,7.712862014770508,0,1,0.8985229730606079,-0.43861204385757446,-0.01658800058066845,0,0.4386410415172577,0.8986600041389465,-0.0020349998958408833,0,0.015799999237060547,-0.00544800003990531,0.9998599886894226,0,0,7.450837135314941,0,1,0.9859520196914673,0.1654910445213318,0.022618992254137993,0,-0.16702504456043243,0.9757469892501831,0.14149297773838043,0,0.00134501070715487,-0.14328297972679138,0.9896810054779053,0,0,8.545873641967773,0,1,0.908623993396759,-0.41734200716018677,-0.015089991502463818,0,0.40446600317955017,0.8704460263252258,0.2805890142917633,0,-0.10396599769592285,-0.2610529959201813,0.9597100019454956,0,1.0569230318069458,1.4232120513916016,0.5057200193405151,1,0.8251760005950928,0.5645869970321655,-0.01805800199508667,0,-0.5613809823989868,0.8232010006904602,0.08479700982570648,0,0.0627410039305687,-0.059836000204086304,0.9962350130081177,0,-0.06506600230932236,1.4733350276947021,0,1,0.9862149953842163,-0.1637990027666092,0.023458998650312424,0,0.16491100192070007,0.9846019744873047,-0.05799400061368942,0,-0.013597998768091202,0.061062999069690704,0.9980409741401672,0,0.08376500010490417,1.4923640489578247,0,1,0.9917470216751099,-0.124394990503788,-0.031052004545927048,0,0.12508298456668854,0.885562002658844,0.4473630487918854,0,-0.028150999918580055,-0.4475550651550293,0.8938130140304565,0,1.4541150331497192,5.003341197967529,-0.11346500366926193,1,0.9951260089874268,0.09637200087308884,0.020886000245809555,0,-0.09618300199508667,0.9019309878349304,0.4210340082645416,0,0.021738000214099884,-0.4209910035133362,0.9068049788475037,0,-0.02957499958574772,1.086137056350708,0,1,0.9999970197677612,0.002359001664444804,0.00032600024132989347,0,-0.0023650017101317644,0.9998250007629395,0.01858201064169407,0,-0.0002820001682266593,-0.018583010882139206,0.9998270273208618,0,0.0167859997600317,1.0490959882736206,0,1,0.997035026550293,-0.07385900616645813,-0.021588005125522614,0,0.07579601556062698,0.8942540287971497,0.4410960078239441,0,-0.013274000026285648,-0.44142401218414307,0.8971999883651733,0,0.4165070056915283,5.760152816772461,-0.15164999663829803,1,0.9969490170478821,0.07635899633169174,0.016202999278903008,0,-0.07635200023651123,0.910722017288208,0.4059010148048401,0,0.016238000243902206,-0.4059000015258789,0.9137730002403259,0,-0.009325999766588211,1.0205719470977783,0,1,0.9999589920043945,0.008976999670267105,0.0013750018551945686,0,-0.009073999710381031,0.993852972984314,0.11033400148153305,0,-0.00037600184441544116,-0.11034200340509415,0.9938939809799194,0,0.008352000266313553,0.9933099746704102,0,1,0.9992870092391968,0.020310992375016212,-0.031828004866838455,0,-0.00539099145680666,0.9111019968986511,0.4121460020542145,0,0.037369001656770706,-0.41168099641799927,0.9105619788169861,0,-0.42936500906944275,5.649660110473633,-0.10736899822950363,1,0.9963430166244507,0.08331199735403061,0.01898599974811077,0,-0.08326800167560577,0.8967739939689636,0.43458399176597595,0,0.019179999828338623,-0.43457499146461487,0.9004309773445129,0,0.001256000017747283,0.9784529805183411,0,1,0.9999499917030334,0.009960000403225422,0.00009800032421480864,0,-0.00995699968189001,0.9992539882659912,0.03730100020766258,0,0.0002739996707532555,-0.037300001829862595,0.9993039965629578,0,-0.00171999994199723,0.9120910167694092,0,1,0.9998679757118225,-0.00559601653367281,-0.015253010205924511,0,0.01281201932579279,0.8488820195198059,0.528427004814148,0,0.009991000406444073,-0.5285519957542419,0.8488420248031616,0,-1.4412569999694824,4.374866962432861,-0.17315399646759033,1,0.9974690079689026,0.06985800713300705,0.01323000155389309,0,-0.06906000524759293,0.9076899886131287,0.41392001509666443,0,0.01690700277686119,-0.41378602385520935,0.9102169871330261,0,-0.006434000097215176,1.1557730436325073,0,1,0.9991179704666138,0.041839998215436935,0.0035020001232624054,0,-0.04196299985051155,0.9922739863395691,0.11675700545310974,0,0.0014100001426413655,-0.11680100858211517,0.993153989315033,0,-0.0057219997979700565,0.9428189992904663,0,1,-0.9839540123939514,-0.07234598696231842,0.16309598088264465,0,0.08016299456357956,-0.9959030151367188,0.041858039796352386,0,0.15939998626708984,0.054261039942502975,0.985722005367279,0,4.61150598526001,-1.6735310554504395,-0.3236300051212311,1,0.9940549731254578,0.029095998033881187,-0.10491498559713364,0,-0.05848299711942673,0.955502986907959,-0.28912603855133057,0,0.09183398634195328,0.2935430407524109,0.9515249729156494,0,0,15.501882553100586,0,1,0.9368270039558411,-0.019887996837496758,0.34922701120376587,0,-0.2966560125350952,0.4838230013847351,0.8233529925346375,0,-0.18533900380134583,-0.8749399781227112,0.44735801219940186,0,0,16.035125732421875,0,1,0.9909330010414124,0,0.13435600697994232,0,-0.07960300147533417,0.8055819869041443,0.5871120095252991,0,-0.10823500156402588,-0.5924839973449707,0.7982779741287231,0,0,6.843776226043701,0,1,-0.9873970150947571,0.06330300122499466,-0.14505398273468018,0,-0.05953901261091232,-0.9977710247039795,-0.030145928263664246,0,-0.14663898944854736,-0.021129926666617393,0.9889640212059021,0,-4.61150598526001,-1.6735310554504395,-0.1457040011882782,1,0.9885609745979309,-0.1195480152964592,-0.09195300191640854,0,0.09943700581789017,0.9750210046768188,-0.19860906898975372,0,0.11340001225471497,0.1871940791606903,0.9757559895515442,0,0,15.521526336669922,0,1,0.9300240278244019,0.0750570148229599,-0.3597530126571655,0,0.2600190043449402,0.5573869943618774,0.7884860038757324,0,0.25970301032066345,-0.8268529772758484,0.4988669753074646,0,0,16.031518936157227,0,1,0.9912769794464111,0.0000019999999949504854,-0.13179899752140045,0,0.07972200214862823,0.7963079810142517,0.5996149778366089,0,0.10495399683713913,-0.6048910021781921,0.7893610000610352,0,0,6.70288610458374,0,1
