0.700,30,20,65
B0,mixamorig_Hips,-1,0.9880411624908447,-0.14497829973697662,0.05250260606408119,0,0.13418051600456238,0.9761866927146912,0.17045468091964722,0,-0.07596447318792343,-0.16137062013149261,0.9839661121368408,0,0.21131572127342224,31.544204711914062,0.19294922053813934,1
B1,mixamorig_Spine,0,0.9948900938034058,0.08302479237318039,-0.057452987879514694,0,-0.08075189590454102,0.9958981871604919,0.04081893339753151,0,0.06060578674077988,-0.035971011966466904,0.9975129961967468,0,0,3.501121997833252,-0.008794999681413174,1
B2,mixamorig_Spine1,1,0.9996439814567566,0.022978374734520912,0.013557498343288898,0,-0.024681970477104187,0.9894263744354248,0.14292141795158386,0,-0.010129881091415882,-0.1432054042816162,0.9896413087844849,0,0,4.084652900695801,0,1
B3,mixamorig_Spine2,2,0.9947352409362793,0.1000395193696022,0.022221369668841362,0,-0.1016392633318901,0.9908024072647095,0.08933552354574203,0,-0.013079791329801083,-0.09112324565649033,0.9957531690597534,0,0,4.668178081512451,0,1
B4,mixamorig_Neck,3,0.9973651170730591,-0.07166454195976257,-0.011276032775640488,0,0.06850779056549072,0.9815321564674377,-0.1786089837551117,0,0.023867351934313774,0.17736607789993286,0.9838550686836243,0,0,5.251695156097412,0,1
B5,mixamorig_Head,4,0.9978381395339966,0.009212302975356579,-0.06507089734077454,0,-0.03167180344462395,0.934964656829834,-0.3533225655555725,0,0.057584524154663086,0.35461947321891785,0.9332348704338074,0,0,10.451077461242676,-1.0435889959335327,1
B6,mixamorig_HeadTop_End,5,1,0,0,0,0,1,0,0,0,0,1,0,0,14.277118682861328,-1.42563796043396,1
B7,mixamorig_LeftShoulder,3,0.1655460149049759,-0.03129320964217186,-0.9857056736946106,0,0.9435001611709595,0.2959512770175934,0.14906185865402222,0,0.2870565950870514,-0.9546905755996704,0.07851815223693848,0,3.810667037963867,6.556541919708252,-0.02247600071132183,1
B8,mixamorig_LeftArm,7,0.8591033220291138,0.023660782724618912,-0.5112542510032654,0,0.5115705132484436,-0.06964614987373352,0.8564130067825317,0,-0.015343577601015568,-0.9972906708717346,-0.07193736732006073,0,0,8.239282608032227,0,1
B9,mixamorig_LeftForeArm,8,0.11593768000602722,0.9928873181343079,0.027076980099081993,0,-0.9932553172111511,0.11586368083953857,0.004298997111618519,0,0.001130871009081602,-0.027392981573939323,0.9996240139007568,0,0,6.815985202789307,0,1
B10,mixamorig_LeftHand,9,0.9761448502540588,0.0752761960029602,-0.20364561676979065,0,-0.04093872383236885,0.984962522983551,0.16784828901290894,0,0.2132183462381363,-0.1555071622133255,0.9645483493804932,0,0,8.247876167297363,0,1
B11,mixamorig_LeftHandThumb1,10,0.7648230195045471,0.5938420295715332,-0.24979500472545624,0,-0.4727889895439148,0.7807570099830627,0.40852099657058716,0,0.4376260042190552,-0.19434599578380585,0.8779029846191406,0,-1.0784410238265991,1.863752007484436,0.45818498730659485,1
B12,mixamorig_LeftHandThumb2,11,0.8923521637916565,-0.4498365521430969,0.036795031279325485,0,0.4513261020183563,0.8899754881858826,-0.0651787668466568,0,-0.0034269613679498434,0.07476899772882462,0.9971943497657776,0,0.11921100318431854,1.7571460008621216,0,1
B13,mixamorig_LeftHandThumb3,12,0.9795261025428772,0.20131593942642212,-0.0005127867916598916,0,-0.2010987102985382,0.9785823822021484,0.043999236077070236,0,0.009358805604279041,-0.04299484193325043,0.9990307688713074,0,-0.11016000062227249,1.51084303855896,0,1
B14,mixamorig_LeftHandThumb4,13,1,0,0,0,0,1,0,0,0,0,1,0,-0.009050999768078327,1.066182017326355,0,1
B15,mixamorig_LeftHandIndex1,10,0.9824174046516418,-0.1619245558977127,-0.09292828291654587,0,0.11227241158485413,0.11471863090991974,0.9870310425758362,0,-0.14916424453258514,-0.9801101684570312,0.130881205201149,0,-1.4275480508804321,6.10331392288208,-0.11960099637508392,1
B16,mixamorig_LeftHandIndex2,15,0.9787311553955078,-0.17715466022491455,-0.1034456193447113,0,0.16249293088912964,0.36166325211524963,0.9180381894111633,0,-0.12522244453430176,-0.9153221845626831,0.3827580511569977,0,0.04283899813890457,1.0765529870986938,0,1
B17,mixamorig_LeftHandIndex3,16,0.9936031103134155,-0.08915029466152191,-0.06931876391172409,0,0.10807890444993973,0.5727578401565552,0.8125669956207275,0,-0.032738082110881805,-0.8148619532585144,0.5787296891212463,0,-0.023527000099420547,0.9480090141296387,0,1
B18,mixamorig_LeftHandIndex4,17,1,0,0,0,0,1,0,0,0,0,1,0,-0.019311999902129173,0.7968199849128723,0,1
B19,mixamorig_LeftHandMiddle1,10,0.9748913049697876,-0.18269261717796326,-0.12732388079166412,0,0.14004337787628174,0.05844656378030777,0.9884175658226013,0,-0.1731346994638443,-0.9814296960830688,0.08256326615810394,0,-0.4095290005207062,6.721436977386475,-0.19478900730609894,1
B20,mixamorig_LeftHandMiddle2,19,0.9851101636886597,-0.15465541183948517,-0.07509402185678482,0,0.1480645090341568,0.5412084460258484,0.8277494311332703,0,-0.08737495541572571,-0.826543390750885,0.5560493469238281,0,0.011099000461399555,1.0024290084838867,0,1
B21,mixamorig_LeftHandMiddle3,20,0.9916461706161499,-0.10923604667186737,-0.0685906708240509,0,0.11540693789720535,0.5139164328575134,0.8500415086746216,0,-0.05760573223233223,-0.8508564829826355,0.5222302675247192,0,-0.01435799989849329,0.9878939986228943,0,1
B22,mixamorig_LeftHandMiddle4,21,1,0,0,0,0,1,0,0,0,0,1,0,0.003258999902755022,0.6871449947357178,0,1
B23,mixamorig_LeftHandRing1,10,0.971809446811676,-0.20782026648521423,-0.11134326457977295,0,0.13082998991012573,0.08246908336877823,0.9879673719406128,0,-0.19613778591156006,-0.9746825098991394,0.10733266174793243,0,0.40717700123786926,6.554275035858154,0.01018999982625246,1
B24,mixamorig_LeftHandRing2,23,0.981147289276123,-0.15806320309638977,-0.1112002432346344,0,0.1655970960855484,0.39095014333724976,0.9053919315338135,0,-0.0996353030204773,-0.9067369103431702,0.40975484251976013,0,0.0004889999981969595,1.0218980312347412,0,1
B25,mixamorig_LeftHandRing3,24,0.9826512932777405,-0.1507841795682907,-0.1079842671751976,0,0.16299396753311157,0.4243309199810028,0.8907155990600586,0,-0.08848536759614944,-0.8928635716438293,0.44154664874076843,0,0.000783999974373728,0.8980979919433594,0,1
B26,mixamorig_LeftHandRing4,25,1,0,0,0,0,1,0,0,0,0,1,0,-0.0012730000307783484,0.6668699979782104,0,1
B27,mixamorig_LeftHandPinky1,10,0.9592664241790771,-0.23053401708602905,-0.16328208148479462,0,0.1361066997051239,-0.12933063507080078,0.9822145104408264,0,-0.24755176901817322,-0.9644296169281006,-0.09268507361412048,0,1.429900050163269,5.20242977142334,-0.27761000394821167,1
B28,mixamorig_LeftHandPinky2,27,0.9791953563690186,-0.1762189120054245,-0.10061820596456528,0,0.1638571172952652,0.3941560387611389,0.9043179154396057,0,-0.11969909816980362,-0.9019899964332581,0.41483068466186523,0,0.003819999983534217,1.3176980018615723,0,1
B29,mixamorig_LeftHandPinky3,28,0.9777703285217285,-0.18189196288585663,-0.10430518537759781,0,0.1838589310646057,0.5046213865280151,0.8435357213020325,0,-0.10079820454120636,-0.8439617156982422,0.5268459916114807,0,0.0033019999973475933,0.885483980178833,0,1
B30,mixamorig_LeftHandPinky4,29,1,0,0,0,0,1,0,0,0,0,1,0,-0.007122000213712454,0.7400799989700317,0,1
B31,mixamorig_RightShoulder,3,0.21052280068397522,0.09308549761772156,0.9731472134590149,0,-0.9075977802276611,0.388492226600647,0.15918166935443878,0,-0.3632427752017975,-0.916737973690033,0.16627050936222076,0,-3.810667037963867,6.556413173675537,0.029030999168753624,1
B32,mixamorig_RightArm,31,0.9097063541412354,-0.3782429099082947,-0.1713555008172989,0,0.2873344421386719,0.2754705548286438,0.917361319065094,0,-0.2997831702232361,-0.8837690949440002,0.3592793047428131,0,0,8.239282608032227,0,1
B33,mixamorig_RightForeArm,32,0.1178579330444336,-0.9928818345069885,-0.017074117437005043,0,0.9929818511009216,0.11800292879343033,-0.007746975403279066,0,0.009706241078674793,-0.016040949150919914,0.9998239874839783,0,0,6.812190055847168,0,1
B34,mixamorig_RightHand,33,0.9620267748832703,-0.22648684680461884,-0.15234357118606567,0,0.1632411628961563,0.9247070550918579,-0.3439015746116638,0,0.21876302361488342,0.30597439408302307,0.926565408706665,0,0,8.237086296081543,0,1
B35,mixamorig_RightHandThumb1,34,0.8453795909881592,-0.52070552110672,0.11915754526853561,0,0.46027466654777527,0.8232862949371338,0.33218443393707275,0,-0.2710706889629364,-0.22597631812095642,0.9356579780578613,0,1.0737799406051636,1.8803869485855103,0.4871090054512024,1
B36,mixamorig_RightHandThumb2,35,0.8393840193748474,0.5329509973526001,-0.10676100105047226,0,-0.536641001701355,0.8437809944152832,-0.007065000012516975,0,0.0863180011510849,0.0632219985127449,0.9942600131034851,0,-0.1641169935464859,1.7679920196533203,0,1
B37,mixamorig_RightHandThumb3,36,0.9496409893035889,-0.2909240126609802,-0.1163880005478859,0,0.28777700662612915,0.9567149877548218,-0.04335800185799599,0,0.12396399676799774,0.007681000046432018,0.9922569990158081,0,0.1236950010061264,1.5518039464950562,0,1
B38,mixamorig_RightHandThumb4,37,1,0,0,0,0,1,0,0,0,0,1,0,0.040421999990940094,1.0005459785461426,0,1
B39,mixamorig_RightHandIndex1,34,0.9965001344680786,0.06687720865011215,0.050157349556684494,0,-0.07720547169446945,0.506178617477417,0.8589655160903931,0,0.03205596283078194,-0.8598315119743347,0.5095704793930054,0,1.4564330577850342,5.921350955963135,-0.1257150024175644,1
B40,mixamorig_RightHandIndex2,39,0.9875590205192566,0.1418139636516571,0.06793594360351562,0,-0.13166798651218414,0.5095635652542114,0.8502997159957886,0,0.08596692979335785,-0.848665714263916,0.5218965411186218,0,-0.030913999304175377,1.0860990285873413,0,1
B41,mixamorig_RightHandIndex3,40,0.9974949955940247,0.06255095452070236,0.03302295133471489,0,-0.06581094861030579,0.6496334671974182,0.7573935985565186,0,0.02592295967042446,-0.7576695680618286,0.6521234512329102,0,0.017545999959111214,1.0490829944610596,0,1
B42,mixamorig_RightHandIndex4,41,1,0,0,0,0,1,0,0,0,0,1,0,0.013368000276386738,0.801846981048584,0,1
B43,mixamorig_RightHandMiddle1,34,0.989564061164856,0.13706180453300476,0.044455159455537796,0,-0.1010485589504242,0.4401710629463196,0.8922094106674194,0,0.10271970182657242,-0.8873912692070007,0.44942790269851685,0,0.409525990486145,6.665801048278809,-0.1508840024471283,1
B44,mixamorig_RightHandMiddle2,43,0.9870409965515137,0.14059896767139435,0.07733691483736038,0,-0.13048598170280457,0.4227566123008728,0.8967996835708618,0,0.0933949202299118,-0.8952707052230835,0.4356246292591095,0,-0.010005000047385693,1.0205659866333008,0,1
B45,mixamorig_RightHandMiddle3,44,0.9935870170593262,0.09728095680475235,0.05762792378664017,0,-0.1015329509973526,0.5433586239814758,0.833337664604187,0,0.04975593090057373,-0.8338446617126465,0.5497515797615051,0,0.008883999660611153,0.9933050274848938,0,1
B46,mixamorig_RightHandMiddle4,45,1,0,0,0,0,1,0,0,0,0,1,0,0.001120000029914081,0.7736300230026245,0,1
B47,mixamorig_RightHandRing1,34,0.9733700752258301,0.20998089015483856,0.09196869283914566,0,-0.13500919938087463,0.2008715718984604,0.9702696204185486,0,0.18526430428028107,-0.9568485021591187,0.22387246787548065,0,-0.4348190128803253,6.544290065765381,-0.10631100088357925,1
B48,mixamorig_RightHandRing2,47,0.9789469838142395,0.16309696435928345,0.12272889912128448,0,-0.1716969609260559,0.3328416049480438,0.9272197484970093,0,0.11037689447402954,-0.9287707805633545,0.3538375794887543,0,0.0012610000558197498,0.9784529805183411,0,1
B49,mixamorig_RightHandRing3,48,0.9908350110054016,0.12333792448043823,0.055088918656110764,0,-0.11699693650007248,0.5797365307807922,0.80636066198349,0,0.06751791387796402,-0.805414617061615,0.5888535380363464,0,-0.0017259999876841903,0.912090003490448,0,1
B50,mixamorig_RightHandRing4,49,1,0,0,0,0,1,0,0,0,0,1,0,0.00046499999007210135,0.7293429970741272,0,1
B51,mixamorig_RightHandPinky1,34,0.9711586833000183,0.2081688642501831,0.11626309156417847,0,-0.149641215801239,0.15250518918037415,0.9769077897071838,0,0.1856316179037094,-0.9661298394203186,0.17925751209259033,0,-1.4311399459838867,5.258197784423828,-0.18793100118637085,1
B52,mixamorig_RightHandPinky2,51,0.9803929924964905,0.15690399706363678,0.11921297013759613,0,-0.13453400135040283,0.09091721475124359,0.9867290258407593,0,0.14398297667503357,-0.9834200143814087,0.11024320870637894,0,-0.006391999777406454,1.1557730436325073,0,1
B53,mixamorig_RightHandPinky3,52,0.9929929971694946,0.11406698077917099,0.030871978029608727,0,-0.09531198441982269,0.6186591982841492,0.7798568606376648,0,0.06985697150230408,-0.7773348689079285,0.6251961588859558,0,-0.005781000014394522,0.9428189992904663,0,1
B54,mixamorig_RightHandPinky4,53,1,0,0,0,0,1,0,0,0,0,1,0,0.012172999791800976,0.7500270009040833,0,1
B55,mixamorig_LeftUpLeg,0,-0.9859562516212463,-0.1507030874490738,0.07195712625980377,0,0.14183999598026276,-0.5282347202301025,0.8371644616127014,0,-0.08815310895442963,0.8356147408485413,0.5421925187110901,0,4.6027350425720215,-1.9433209896087646,-0.3924350142478943,1
B56,mixamorig_LeftLeg,55,0.9998415112495422,-0.011305257678031921,0.013714051805436611,0,0.0011436761124059558,-0.7291315197944641,-0.6843714118003845,0,0.017736395820975304,0.6842780709266663,-0.7290032505989075,0,0,14.97060489654541,0,1
B57,mixamorig_LeftFoot,56,0.9597717523574829,0.12409652769565582,0.25186866521835327,0,-0.26919299364089966,0.6617295145988464,0.6997489929199219,0,-0.0798325389623642,-0.7394012212753296,0.668515682220459,0,0,13.044047355651855,0,1
B58,mixamorig_LeftToeBase,57,0.9763619303703308,0.0004077751946169883,0.21614325046539307,0,-0.1295711249113083,0.8015004396438599,0.5837876796722412,0,-0.173001229763031,-0.5979936718940735,0.78260737657547,0,0,6.657577037811279,0,1
B59,mixamorig_LeftToe_End,58,1,0,0,0,0,1,0,0,0,0,1,0,0,2.8414440155029297,0,1
B60,mixamorig_RightUpLeg,0,-0.9570682048797607,-0.2894971966743469,0.014486118219792843,0,0.28082019090652466,-0.9136769771575928,0.29382023215293884,0,-0.07182614505290985,0.28527408838272095,0.9557490348815918,0,-4.6027350425720215,-1.9433209896087646,-0.2886179983615875,1
B61,mixamorig_RightLeg,60,0.9954927563667297,-0.060831695795059204,0.0727514699101448,0,0.09326982498168945,0.766717791557312,-0.6351693868637085,0,-0.017141468822956085,0.6390926837921143,0.7689353823661804,0,0,14.998594284057617,0,1
B62,mixamorig_RightFoot,61,0.9469534158706665,-0.04491366818547249,-0.31821733713150024,0,0.3210073709487915,0.08503536134958267,0.9432507753372192,0,-0.01530469860881567,-0.9953653812408447,0.09494199603796005,0,0,13.028194427490234,0,1
B63,mixamorig_RightToeBase,62,0.9759377837181091,0.013773903250694275,-0.21761289238929749,0,0.13050149381160736,0.7626268863677979,0.6335373520851135,0,0.1746838390827179,-0.6466923356056213,0.7424786686897278,0,0,6.562164783477783,0,1
B64,mixamorig_RightToe_End,63,1,0,0,0,0,1,0,0,0,0,1,0,0,2.8164141178131104,0,1
@52,0,1,2,3,4,5,7,8,9,10,11,12,13,15,16,17,19,20,21,23,24,25,27,28,29,31,32,33,34,35,36,37,39,40,41,43,44,45,47,48,49,51,52,53,55,56,57,58,60,61,62,63
K0.000,0.9880409836769104,-0.1449809968471527,0.05249999836087227,0,0.13418400287628174,0.976186990737915,0.17045100033283234,0,-0.07596199959516525,-0.1613669991493225,0.9839670062065125,0,0.2113170027732849,31.54415512084961,0.19295500218868256,1,0.9948899745941162,0.08302699774503708,-0.0574520006775856,0,-0.08075399696826935,0.9958980083465576,0.040821000933647156,0,0.0606050007045269,-0.03597300127148628,0.9975129961967468,0,0,3.501121997833252,-0.008794999681413174,1,0.9996439814567566,0.02298099920153618,0.013561000116169453,0,-0.024684999138116837,0.9894260168075562,0.1429239958524704,0,-0.01013300009071827,-0.14320799708366394,0.989641010761261,0,0,4.084652900695801,0,1,0.9947350025177002,0.10004200041294098,0.022224999964237213,0,-0.10164199769496918,0.990801990032196,0.08933799713850021,0,-0.013082999736070633,-0.09112600237131119,0.9957529902458191,0,0,4.668178081512451,0,1,0.9973649978637695,-0.07166600227355957,-0.011277000419795513,0,0.06850899755954742,0.981531023979187,-0.17861700057983398,0,0.023869000375270844,0.177374005317688,0.9838539958000183,0,0,5.251695156097412,0,1,0.997838020324707,0.009211000055074692,-0.06507500261068344,0,-0.031672000885009766,0.9349669814109802,-0.353316992521286,0,0.05758899822831154,0.3546139895915985,0.9332370162010193,0,0,10.451077461242676,-1.0435889959335327,1,0.16555100679397583,-0.031293001025915146,-0.9857050180435181,0,0.9435009956359863,0.29594698548316956,0.1490669995546341,0,0.2870520055294037,-0.954692006111145,0.07851900160312653,0,3.810667037963867,6.556541919708252,-0.02247600071132183,1,0.8591060042381287,0.023653000593185425,-0.5112509727478027,0,0.5115669965744019,-0.0696519985795021,0.8564149737358093,0,-0.015352999791502953,-0.9972910284996033,-0.07193800061941147,0,0,8.239282608032227,0,1,0.11593300104141235,0.9928879737854004,0.027077000588178635,0,-0.9932559728622437,0.1158590018749237,0.004298999905586243,0,0.0011309999972581863,-0.027393000200390816,0.9996240139007568,0,0,6.815985202789307,0,1,0.9761430025100708,0.07527799904346466,-0.2036599963903427,0,-0.04093800112605095,0.984961986541748,0.1678519994020462,0,0.21323299407958984,-0.15550999343395233,0.9645460247993469,0,0,8.247876167297363,0,1,0.7648230195045471,0.5938420295715332,-0.24979500472545624,0,-0.4727889895439148,0.7807570099830627,0.40852099657058716,0,0.4376260042190552,-0.19434599578380585,0.8779029846191406,0,-1.0784410238265991,1.863752007484436,0.45818498730659485,1,0.8923500180244446,-0.4498409926891327,0.03679800033569336,0,0.4513309895992279,0.8899739980697632,-0.06517200171947479,0,-0.003432000055909157,0.07476399838924408,0.9971950054168701,0,0.11921100318431854,1.7571460008621216,0,1,0.9795269966125488,0.20131300389766693,-0.0005070000188425183,0,-0.20109599828720093,0.9785829782485962,0.04399900138378143,0,0.009352999739348888,-0.04299600049853325,0.9990310072898865,0,-0.11016000062227249,1.51084303855896,0,1,0.9824169874191284,-0.1619260013103485,-0.09293100237846375,0,0.11227300018072128,0.11470100283622742,0.9870349764823914,0,-0.149167001247406,-0.9801139831542969,0.1308639943599701,0,-1.4275480508804321,6.10331392288208,-0.11960099637508392,1,0.9787309765815735,-0.177155002951622,-0.10344699770212173,0,0.1624930053949356,0.36165300011634827,0.9180430173873901,0,-0.12522399425506592,-0.9153270125389099,0.382748007774353,0,0.04283899813890457,1.0765529870986938,0,1,0.993602991104126,-0.08915100246667862,-0.06932000070810318,0,0.10807999968528748,0.5727490186691284,0.812574028968811,0,-0.03273899853229523,-0.8148689866065979,0.5787209868431091,0,-0.023527000099420547,0.9480090141296387,0,1,0.9748910069465637,-0.1826930046081543,-0.12732599675655365,0,0.1400430053472519,0.058430999517440796,0.9884200096130371,0,-0.17313699424266815,-0.9814320206642151,0.08254799991846085,0,-0.4095290005207062,6.721436977386475,-0.19478900730609894,1,0.9851099848747253,-0.15465599298477173,-0.07509499788284302,0,0.1480650007724762,0.5412020087242126,0.827754020690918,0,-0.08737599849700928,-0.8265479803085327,0.5560430288314819,0,0.011099000461399555,1.0024290084838867,0,1,0.9916459918022156,-0.10923700034618378,-0.06859199702739716,0,0.11540800333023071,0.5139070153236389,0.8500480055809021,0,-0.05760699883103371,-0.850862979888916,0.522221028804779,0,-0.01435799989849329,0.9878939986228943,0,1,0.9718090295791626,-0.20782099664211273,-0.11134599894285202,0,0.13083000481128693,0.08245400339365005,0.9879699945449829,0,-0.19614000618457794,-0.97468501329422,0.10731799900531769,0,0.40717700123786926,6.554275035858154,0.01018999982625246,1,0.9811469912528992,-0.15806399285793304,-0.11120200157165527,0,0.16559800505638123,0.39094001054763794,0.9053969979286194,0,-0.0996370017528534,-0.9067419767379761,0.4097450077533722,0,0.0004889999981969595,1.0218980312347412,0,1,0.9826509952545166,-0.15078499913215637,-0.10798600316047668,0,0.16299499571323395,0.4243209958076477,0.8907210230827332,0,-0.08848699927330017,-0.8928689956665039,0.4415369927883148,0,0.000783999974373728,0.8980979919433594,0,1,0.9592660069465637,-0.23053400218486786,-0.1632850021123886,0,0.1361059993505478,-0.12934599816799164,0.9822139739990234,0,-0.2475540041923523,-0.9644290208816528,-0.09269999712705612,0,1.429900050163269,5.20242977142334,-0.27761000394821167,1,0.9791949987411499,-0.17621999979019165,-0.10062000155448914,0,0.16385799646377563,0.39414599537849426,0.9043229818344116,0,-0.11970099806785583,-0.9019950032234192,0.41482099890708923,0,0.003819999983534217,1.3176980018615723,0,1,0.9777699708938599,-0.1818930059671402,-0.10430700331926346,0,0.18386000394821167,0.5046120285987854,0.8435419797897339,0,-0.10080000013113022,-0.8439679741859436,0.5268369913101196,0,0.0033019999973475933,0.885483980178833,0,1,0.21051600575447083,0.09308499842882156,0.9731490015983582,0,-0.9075999855995178,0.3884899914264679,0.15917600691318512,0,-0.3632420003414154,-0.9167389869689941,0.16626699268817902,0,-3.810667037963867,6.556413173675537,0.029030999168753624,1,0.9097110033035278,-0.3782469928264618,-0.17133599519729614,0,0.28731799125671387,0.27547600865364075,0.9173669815063477,0,-0.29979199171066284,-0.8837659955024719,0.3592810034751892,0,0,8.239282608032227,0,1,0.11784300208091736,-0.9928849935531616,-0.01707400009036064,0,0.9929850101470947,0.11798799782991409,-0.007747000083327293,0,0.009705999866127968,-0.016040999442338943,0.9998239874839783,0,0,6.812190055847168,0,1,0.9620260000228882,-0.22649100422859192,-0.1523430049419403,0,0.16324500739574432,0.924705982208252,-0.3439030051231384,0,0.21876400709152222,0.3059749901294708,0.9265649914741516,0,0,8.237086296081543,0,1,0.8453810214996338,-0.5207030177116394,0.11915899813175201,0,0.46027201414108276,0.8232880234718323,0.33218398690223694,0,-0.2710709869861603,-0.22597600519657135,0.9356579780578613,0,1.0737799406051636,1.8803869485855103,0.4871090054512024,1,0.8393840193748474,0.5329509973526001,-0.10676100105047226,0,-0.536641001701355,0.8437809944152832,-0.007065000012516975,0,0.0863180011510849,0.0632219985127449,0.9942600131034851,0,-0.1641169935464859,1.7679920196533203,0,1,0.9496409893035889,-0.2909240126609802,-0.1163880005478859,0,0.28777700662612915,0.9567149877548218,-0.04335800185799599,0,0.12396399676799774,0.007681000046432018,0.9922569990158081,0,0.1236950010061264,1.5518039464950562,0,1,0.9965000152587891,0.06687899678945541,0.050158001482486725,0,-0.07720699906349182,0.506181001663208,0.8589640259742737,0,0.03205699846148491,-0.8598300218582153,0.5095729827880859,0,1.4564330577850342,5.921350955963135,-0.1257150024175644,1,0.9875590205192566,0.1418139934539795,0.0679360032081604,0,-0.13166800141334534,0.5095630288124084,0.8503000140190125,0,0.08596699684858322,-0.8486660122871399,0.5218960046768188,0,-0.030913999304175377,1.0860990285873413,0,1,0.9974949955940247,0.06255099922418594,0.03302299976348877,0,-0.06581100076436996,0.64963299036026,0.757394015789032,0,0.025923000648617744,-0.757669985294342,0.652122974395752,0,0.017545999959111214,1.0490829944610596,0,1,0.9895640015602112,0.13706199824810028,0.04445600137114525,0,-0.1010499969124794,0.44017601013183594,0.8922070264816284,0,0.10271900147199631,-0.8873890042304993,0.44943299889564514,0,0.409525990486145,6.665801048278809,-0.1508840024471283,1,0.9870409965515137,0.14059899747371674,0.07733699679374695,0,-0.13048599660396576,0.42275598645210266,0.8967999815940857,0,0.09339500218629837,-0.8952710032463074,0.43562400341033936,0,-0.010005000047385693,1.0205659866333008,0,1,0.9935870170593262,0.09728100150823593,0.057627998292446136,0,-0.10153300315141678,0.5433580279350281,0.8333380222320557,0,0.0497560016810894,-0.8338450193405151,0.5497509837150574,0,0.008883999660611153,0.9933050274848938,0,1,0.9733700156211853,0.20998099446296692,0.09196899831295013,0,-0.1350100040435791,0.20087400078773499,0.9702690243721008,0,0.1852640062570572,-0.9568480253219604,0.2238750010728836,0,-0.4348190128803253,6.544290065765381,-0.10631100088357925,1,0.9789469838142395,0.16309699416160583,0.12272900342941284,0,-0.1716970056295395,0.33284100890159607,0.9272199869155884,0,0.1103769987821579,-0.9287710189819336,0.3538370132446289,0,0.0012610000558197498,0.9784529805183411,0,1,0.9908350110054016,0.1233379989862442,0.05508900061249733,0,-0.11699700355529785,0.5797359943389893,0.8063610196113586,0,0.06751800328493118,-0.8054149746894836,0.5888530015945435,0,-0.0017259999876841903,0.912090003490448,0,1,0.9711580276489258,0.20817099511623383,0.11626499891281128,0,-0.14964400231838226,0.15250800549983978,0.9769070148468018,0,0.18563300371170044,-0.9661290049552917,0.1792609989643097,0,-1.4311399459838867,5.258197784423828,-0.18793100118637085,1,0.9803929924964905,0.15690399706363678,0.11921299993991852,0,-0.13453400135040283,0.09091699868440628,0.9867290258407593,0,0.14398300647735596,-0.9834200143814087,0.11024300009012222,0,-0.006391999777406454,1.1557730436325073,0,1,0.9929929971694946,0.11406700313091278,0.030872000381350517,0,-0.09531199932098389,0.6186590194702148,0.7798569798469543,0,0.06985700130462646,-0.777334988117218,0.6251959800720215,0,-0.005781000014394522,0.9428189992904663,0,1,-0.9859560132026672,-0.1507059931755066,0.07195500284433365,0,0.14184099435806274,-0.5282520055770874,0.8371559977531433,0,-0.08815400302410126,0.8356059789657593,0.5422099828720093,0,4.6027350425720215,-1.9433209896087646,-0.3924350142478943,1,0.9998419880867004,-0.01129900012165308,0.01370999962091446,0,0.0011439999798312783,-0.7291420102119446,-0.68436199426651,0,0.017728999257087708,0.6842690110206604,-0.729013979434967,0,0,14.97060489654541,0,1,0.959771990776062,0.12409599870443344,0.25186800956726074,0,-0.26919201016426086,0.6617310047149658,0.6997479796409607,0,-0.0798330008983612,-0.7394000291824341,0.668516993522644,0,0,13.044047355651855,0,1,0.9763619899749756,0.0004079999926034361,0.21614299714565277,0,-0.12957100570201874,0.8015009760856628,0.5837870240211487,0,-0.1730010062456131,-0.597993016242981,0.7826079726219177,0,0,6.657577037811279,0,1,-0.9570670127868652,-0.2895030081272125,0.01449500024318695,0,0.28082600235939026,-0.9136719703674316,0.2938370108604431,0,-0.07182300090789795,0.28529199957847595,0.9557459950447083,0,-4.6027350425720215,-1.9433209896087646,-0.2886179983615875,1,0.9954929947853088,-0.060832999646663666,0.07274799793958664,0,0.09326999634504318,0.7667070031166077,-0.6351860165596008,0,-0.017136000096797943,0.6391090154647827,0.7689250111579895,0,0,14.998594284057617,0,1,0.9469519853591919,-0.04491399973630905,-0.3182219862937927,0,0.3210119903087616,0.08502999693155289,0.9432500004768372,0,-0.015305999666452408,-0.9953659772872925,0.09493699669837952,0,0,13.028194427490234,0,1,0.9759380221366882,0.013772999867796898,-0.21761199831962585,0,0.13050100207328796,0.762628972530365,0.6335350275039673,0,0.17468300461769104,-0.6466900110244751,0.742480993270874,0,0,6.562164783477783,0,1
K0.033,0.9900799989700317,-0.1132645383477211,0.0831393375992775,0,0.09329843521118164,0.9724299311637878,0.2137162983417511,0,-0.10505323857069016,-0.20383933186531067,0.9733518958091736,0,0.19627344608306885,32.129676818847656,0.1250721961259842,1,0.9959790110588074,0.057094670832157135,-0.06903022527694702,0,-0.05608068034052849,0.9982889890670776,0.016529850661754608,0,0.06985621899366379,-0.01259186677634716,0.9974780082702637,0,0,3.501121997833252,-0.008794999681413174,1,0.9995889663696289,-0.00785039272159338,-0.02757551521062851,0,0.010908429510891438,0.9935849905014038,0.11256272345781326,0,0.026514481753110886,-0.11281776428222656,0.993261992931366,0,0,4.084652900695801,0,1,0.9972749948501587,0.07089561969041824,-0.02042652666568756,0,-0.06955260783433914,0.995754063129425,0.060294754803180695,0,0.024614496156573296,-0.05870974808931351,0.9979720115661621,0,0,4.668178081512451,0,1,0.9985139966011047,-0.054492805153131485,0.00008617806452093646,0,0.0543048121035099,0.9949520826339722,-0.08438745886087418,0,0.004512786865234375,0.08426646143198013,0.9964330196380615,0,0,5.251695156097412,0,1,0.9995569586753845,0.02452237531542778,-0.01687021553516388,0,-0.02933499589562416,0.907590925693512,-0.41883018612861633,0,0.005040124990046024,0.41913914680480957,0.9079079031944275,0,0,10.451077461242676,-1.0435889959335327,1,0.10689972341060638,-0.03374401479959488,-0.9936969876289368,0,0.9339388012886047,0.3462494909763336,0.08871371299028397,0,0.34107348322868347,-0.93753582239151,0.06852895021438599,0,3.810667037963867,6.556541919708252,-0.02247600071132183,1,0.8275613784790039,0.1150834709405899,-0.5494517087936401,0,0.5532185435295105,-0.0009578672470524907,0.8330355286598206,0,0.0953420102596283,-0.993354856967926,-0.06445948034524918,0,0,8.239282608032227,0,1,0.1708984225988388,0.9849230647087097,0.026840001344680786,0,-0.9852890372276306,0.1708454191684723,0.004265000578016043,0,-0.00038498410140164196,-0.027174001559615135,0.9996309876441956,0,0,6.815985202789307,0,1,0.9979289174079895,0.05413112789392471,-0.034743212163448334,0,-0.04942934960126877,0.9910159707069397,0.12427495419979095,0,0.041159119457006454,-0.12229993939399719,0.9916388988494873,0,0,8.247876167297363,0,1,0.7648230195045471,0.5938420295715332,-0.24979500472545624,0,-0.4727889895439148,0.7807570099830627,0.40852099657058716,0,0.4376260042190552,-0.19434599578380585,0.8779029846191406,0,-1.0784410238265991,1.863752007484436,0.45818498730659485,1,0.9175201654434204,-0.3976835310459137,0.0019346874905750155,0,0.3937584459781647,0.9077620506286621,-0.14464372396469116,0,0.055766478180885315,0.13347561657428741,0.9894818663597107,0,0.11921100318431854,1.7571460008621216,0,1,0.9693718552589417,0.2358512580394745,-0.06849449127912521,0,-0.23302720487117767,0.9713449478149414,0.046762239187955856,0,0.07756054401397705,-0.029369082301855087,0.9965549111366272,0,-0.11016000062227249,1.51084303855896,0,1,0.9875600337982178,-0.14493778347969055,-0.06098375469446182,0,0.10533487051725388,0.321811705827713,0.9409262537956238,0,-0.11675070971250534,-0.935644268989563,0.3330756723880768,0,-1.4275480508804321,6.10331392288208,-0.11960099637508392,1,0.981037974357605,-0.17306995391845703,-0.08724088966846466,0,0.1616159826517105,0.48204684257507324,0.8611104488372803,0,-0.10697786509990692,-0.8588814735412598,0.5008768439292908,0,0.04283899813890457,1.0765529870986938,0,1,0.9952160120010376,-0.08087792247533798,-0.05479989945888519,0,0.0951898992061615,0.6765717267990112,0.7301982641220093,0,-0.021980933845043182,-0.7319212555885315,0.6810346841812134,0,-0.023527000099420547,0.9480090141296387,0,1,0.9786450862884521,-0.178167924284935,-0.10252279788255692,0,0.1444620043039322,0.2413024753332138,0.9596375226974487,0,-0.14623777568340302,-0.9539545178413391,0.26188743114471436,0,-0.4095290005207062,6.721436977386475,-0.19478900730609894,1,0.9869670271873474,-0.14780396223068237,-0.06363793462514877,0,0.1423109620809555,0.6170583963394165,0.7739416360855103,0,-0.07512393593788147,-0.7729116678237915,0.6300504207611084,0,0.011099000461399555,1.0024290084838867,0,1,0.9937719702720642,-0.09801090508699417,-0.0530208945274353,0,0.10291889309883118,0.624870777130127,0.7739153504371643,0,-0.04272089898586273,-0.7745513319969177,0.6310657262802124,0,-0.01435799989849329,0.9878939986228943,0,1,0.9767530560493469,-0.1991768777370453,-0.0792587399482727,0,0.13058295845985413,0.2596184015274048,0.9568415284156799,0,-0.1700037717819214,-0.9449475407600403,0.279592365026474,0,0.40717700123786926,6.554275035858154,0.01018999982625246,1,0.9847180247306824,-0.1487659066915512,-0.09054985642433167,0,0.1548549085855484,0.5100248456001282,0.8461054563522339,0,-0.07968886941671371,-0.8471974730491638,0.5252677798271179,0,0.0004889999981969595,1.0218980312347412,0,1,0.9861140251159668,-0.1410869061946869,-0.08759985864162445,0,0.15090589225292206,0.5410537719726562,0.8273374438285828,0,-0.0693298727273941,-0.8290684819221497,0.5548318028450012,0,0.000783999974373728,0.8980979919433594,0,1,0.9644530415534973,-0.23067495226860046,-0.1289156973361969,0,0.14432701468467712,0.05115850642323494,0.9882068037986755,0,-0.2213587760925293,-0.9716848134994507,0.08263245970010757,0,1.429900050163269,5.20242977142334,-0.27761000394821167,1,0.9833319783210754,-0.16349489986896515,-0.07954485714435577,0,0.15351590514183044,0.512171745300293,0.8450514674186707,0,-0.09742084890604019,-0.8431784510612488,0.5287337899208069,0,0.003819999983534217,1.3176980018615723,0,1,0.9820070266723633,-0.16963890194892883,-0.08297085762023926,0,0.17119689285755157,0.6142666935920715,0.7703034281730652,0,-0.07970685511827469,-0.7706484198570251,0.6322566866874695,0,0.0033019999973475933,0.885483980178833,0,1,0.29028335213661194,0.0989479348063469,0.9518119096755981,0,-0.8814687728881836,0.414813369512558,0.2257072776556015,0,-0.3724912703037262,-0.9045107960700989,0.20763219892978668,0,-3.810667037963867,6.556413173675537,0.029030999168753624,1,0.8547505736351013,-0.33010491728782654,-0.4005383849143982,0,0.4805019497871399,0.21145790815353394,0.8511193990707397,0,-0.1962617188692093,-0.9199543595314026,0.3393595218658447,0,0,8.239282608032227,0,1,0.29326269030570984,-0.9558537602424622,-0.018442004919052124,0,0.9559497833251953,0.2934356927871704,-0.007457998115569353,0,0.01254001073539257,-0.01544299628585577,0.9998019933700562,0,0,6.812190055847168,0,1,0.9711629748344421,-0.17772775888442993,-0.15891560912132263,0,0.1180369108915329,0.9375554323196411,-0.3271957039833069,0,0.20714420080184937,0.29900291562080383,0.9314982295036316,0,0,8.237086296081543,0,1,0.8287548422813416,-0.5502132773399353,0.10213080793619156,0,0.4914133548736572,0.8028477430343628,0.33756205439567566,0,-0.26772597432136536,-0.2295670509338379,0.9357460141181946,0,1.0737799406051636,1.8803869485855103,0.4871090054512024,1,0.8393840193748474,0.5329509973526001,-0.10676100105047226,0,-0.536641001701355,0.8437809944152832,-0.007063999772071838,0,0.0863180011510849,0.0632219985127449,0.9942600131034851,0,-0.1641169935464859,1.7679920196533203,0,1,0.9496399760246277,-0.2909240126609802,-0.1163880005478859,0,0.28777700662612915,0.9567149877548218,-0.04335800185799599,0,0.12396500259637833,0.007681000046432018,0.9922569990158081,0,0.1236950010061264,1.5518039464950562,0,1,0.9980419874191284,0.04588451609015465,0.04250580072402954,0,-0.05930259823799133,0.47814083099365234,0.8762791156768799,0,0.019883673638105392,-0.8770841360092163,0.4799257814884186,0,1.4564330577850342,5.921350955963135,-0.1257150024175644,1,0.9876480102539062,0.141526997089386,0.06723499298095703,0,-0.131523996591568,0.515618085861206,0.8466639518737793,0,0.08515798300504684,-0.8450489640235901,0.527863085269928,0,-0.030913999304175377,1.0860990285873413,0,1,0.9975460171699524,0.06202899292111397,0.032468993216753006,0,-0.06523099541664124,0.6549860835075378,0.7528199553489685,0,0.025430992245674133,-0.7530909180641174,0.657425045967102,0,0.017545999959111214,1.0490829944610596,0,1,0.9902589917182922,0.1348729282617569,0.03457765281200409,0,-0.08417155593633652,0.38206830620765686,0.9202932715415955,0,0.11091109365224838,-0.9142392873764038,0.389699250459671,0,0.409525990486145,6.665801048278809,-0.1508840024471283,1,0.98716801404953,0.1402209997177124,0.07641001045703888,0,-0.13024300336837769,0.4301249086856842,0.8933250308036804,0,0.09239700436592102,-0.8918130397796631,0.4428679049015045,0,-0.010005000047385693,1.0205659866333008,0,1,0.9936910271644592,0.09672901034355164,0.056765008717775345,0,-0.10091900825500488,0.5503649115562439,0.8288030624389648,0,0.04892800748348236,-0.8293020725250244,0.5566539168357849,0,0.008883999660611153,0.9933050274848938,0,1,0.9739649891853333,0.20876696705818176,0.08836083859205246,0,-0.1255827695131302,0.17236678302288055,0.976995050907135,0,0.1887340247631073,-0.9626560807228088,0.19409674406051636,0,-0.4348190128803253,6.544290065765381,-0.10631100088357925,1,0.9791640043258667,0.16271300613880157,0.12150001525878906,0,-0.1712229996919632,0.33984294533729553,0.9247649908065796,0,0.1091800183057785,-0.9262999892234802,0.36062192916870117,0,0.0012610000558197498,0.9784529805183411,0,1,0.9909999966621399,0.12243200838565826,0.05411700904369354,0,-0.1161780059337616,0.5858599543571472,0.8020410537719727,0,0.06649000942707062,-0.8011110424995422,0.5948119163513184,0,-0.0017259999876841903,0.912090003490448,0,1,0.9785860776901245,0.1831839233636856,0.09387829899787903,0,-0.11693523824214935,0.11940574645996094,0.9859350323677063,0,0.16939802467823029,-0.9758000373840332,0.13826961815357208,0,-1.4311399459838867,5.258197784423828,-0.18793100118637085,1,0.9804490208625793,0.1568319946527481,0.11884400248527527,0,-0.13452599942684174,0.09346301108598709,0.9864919781684875,0,0.1436070054769516,-0.9831929802894592,0.11273400485515594,0,-0.006391999777406454,1.1557730436325073,0,1,0.9930350184440613,0.11376899480819702,0.030619993805885315,0,-0.09510599076747894,0.6206660866737366,0.7782849669456482,0,0.06953999400138855,-0.7757769227027893,0.6271640658378601,0,-0.005781000014394522,0.9428189992904663,0,1,-0.9884500503540039,-0.1165434867143631,0.0968700423836708,0,0.13015583157539368,-0.32543426752090454,0.9365642666816711,0,-0.07762559503316879,0.9383553266525269,0.33684420585632324,0,4.6027350425720215,-1.9433209896087646,-0.3924350142478943,1,0.9945080280303955,-0.0848199799656868,0.061318814754486084,0,-0.0026608572807163,-0.6061633825302124,-0.7953354120254517,0,0.10462987422943115,0.7908034324645996,-0.6030593514442444,0,0,14.97060489654541,0,1,0.9569169282913208,0.13029804825782776,0.25948411226272583,0,-0.28065913915634155,0.6441475749015808,0.711551308631897,0,-0.0744319036602974,-0.7537223100662231,0.6529646515846252,0,0,13.044047355651855,0,1,0.9757050275802612,-0.0022329888306558132,0.21907798945903778,0,-0.13100899755954742,0.7955309748649597,0.5915809273719788,0,-0.175603985786438,-0.6059089303016663,0.7759109735488892,0,0,6.657577037811279,0,1,-0.9710729718208313,-0.22123080492019653,-0.0898573026061058,0,0.2125631719827652,-0.9723411202430725,0.09679796546697617,0,-0.10878697782754898,0.07489793747663498,0.9912387728691101,0,-4.6027350425720215,-1.9433209896087646,-0.2886179983615875,1,0.9924960136413574,-0.045496080070734024,0.11350108683109283,0,0.0912548378109932,0.8934258818626404,-0.4398423731327057,0,-0.081393301486969,0.4468993842601776,0.8908728361129761,0,0,14.998594284057617,0,1,0.9637682437896729,-0.040998540818691254,-0.2635716199874878,0,0.26674187183380127,0.14806030690670013,0.9523265957832336,0,-0.00001938873901963234,-0.9881283640861511,0.15363135933876038,0,0,13.028194427490234,0,1,0.9733409285545349,0.024386359378695488,-0.22806526720523834,0,0.13634032011032104,0.7380786538124084,0.6607952117919922,0,0.18444415926933289,-0.6742731928825378,0.7150775790214539,0,0,6.562164783477783,0,1
