5.333,30,159,49
B0,mixamorig_Hips,-1,0.9970753192901611,0.020749777555465698,0.07355182617902756,0,-0.004653497599065304,0.9771326780319214,-0.21257810294628143,0,-0.0762816071510315,0.21161411702632904,0.9743720293045044,0,0.15148454904556274,79.81676483154297,0.027452457696199417,1
B1,mixamorig_Spine,0,0.9987807869911194,-0.024180788546800613,-0.043034978210926056,0,0.02969007007777691,0.9907544255256653,0.13237643241882324,0,0.039436470717191696,-0.13349314033985138,0.9902644157409668,0,0,8.100197792053223,0.366813987493515,1
B2,mixamorig_Spine1,1,0.9998367428779602,-0.0028456016443669796,-0.017842169851064682,0,0.006665054243057966,0.9759532809257507,0.2178754210472107,0,0.016792837530374527,-0.21795843541622162,0.9758133292198181,0,0,9.459914207458496,0,1
B3,mixamorig_Spine2,2,0.9998472929000854,-0.0023878340143710375,-0.017323754727840424,0,0.009169480763375759,0.9151241183280945,0.4030671715736389,0,0.014891376718878746,-0.4031643867492676,0.9150063991546631,0,0,10.811335563659668,0,1
B4,mixamorig_Neck,3,0.9977877736091614,-0.06624172627925873,-0.005589083302766085,0,0.06275283545255661,0.966295599937439,-0.2496679723262787,0,0.021939480677247047,0.24876469373703003,0.9683152437210083,0,0,12.162747383117676,0.000007000000096013537,1
B5,mixamorig_Head,4,0.9954999685287476,-0.009003734216094017,0.094304658472538,0,0.014858161099255085,0.9979784488677979,-0.06164148822426796,0,-0.09356443583965302,0.06276794523000717,0.9936227798461914,0,0,9.444160461425781,10.524635314941406,1
B6,mixamorig_HeadTop_End,5,1,0,0,0,0,1,0,0,0,0,1,0,0,18.481170654296875,20.595535278320312,1
B7,mixamorig_LeftShoulder,3,0.05507867783308029,0.09602198749780655,-0.9938474893569946,0,0.9959359169006348,-0.07619279623031616,0.04783254861831665,0,-0.07112966477870941,-0.992455244064331,-0.09983790665864944,0,6.87578010559082,11.715486526489258,0.43346500396728516,1
B8,mixamorig_LeftArm,7,0.8985043168067932,0.07106444984674454,0.43314629793167114,0,-0.4282185435295105,0.35858795046806335,0.8294609189033508,0,-0.09639286994934082,-0.9307795763015747,0.352619469165802,0,0,16.22838020324707,0,1
B9,mixamorig_LeftForeArm,8,0.7549301385879517,0.6556198000907898,-0.01164104975759983,0,-0.6555260419845581,0.7541477084159851,-0.03793416917324066,0,-0.01609809137880802,0.03626871854066849,0.9992123246192932,0,0,64.05503845214844,0,1
B10,mixamorig_LeftHand,9,-0.6072785258293152,0.06261532008647919,0.7920141816139221,0,0.21055901050567627,0.9739143252372742,0.08443579077720642,0,-0.7660632729530334,0.21804453432559967,-0.6046264171600342,0,0,26.243467330932617,0,1
B11,mixamorig_LeftHandThumb1,10,-0.6532342433929443,-0.46679800748825073,-0.59614098072052,0,0.5681819915771484,0.218191996216774,-0.7934489846229553,0,0.5004540085792542,-0.8570250272750854,0.12269599735736847,0,-1.7301650047302246,-0.6162170171737671,0.7135099768638611,1
B12,mixamorig_LeftHandThumb2,11,0.8950989842414856,0.2768482267856598,0.3495039939880371,0,-0.11543799936771393,0.9010419845581055,-0.41808798909187317,0,-0.4306642413139343,0.33388400077819824,0.8384799957275391,0,-1.2127950191497803,1.0068730115890503,0,1
B13,mixamorig_LeftHandThumb3,12,0.9031490087509155,0.42535877227783203,-0.058243751525878906,0,-0.42312875390052795,0.8589079976081848,-0.2885117530822754,0,-0.07269500195980072,0.28521376848220825,0.9557030200958252,0,-1.5746129751205444,10.072534561157227,0,1
B14,mixamorig_LeftHandThumb4,13,1,0,0,0,0,1,0,0,0,0,1,0,2.7874090671539307,11.770417213439941,0,1
B15,mixamorig_LeftHandIndex1,10,0.8822210431098938,-0.4210602343082428,-0.2106941193342209,0,0.42992833256721497,0.9028512835502625,-0.004094335250556469,0,0.1919516623020172,-0.08697248250246048,0.9775427579879761,0,-1.5197080373764038,-2.4508349895477295,-0.6456609964370728,1
B16,mixamorig_LeftHandIndex2,15,0.8224931359291077,-0.5487108826637268,0.14970353245735168,0,0.5505275130271912,0.7019308805465698,-0.45187968015670776,0,0.14287805557250977,0.454083651304245,0.8794246912002563,0,-0.3018909990787506,8.144187927246094,0,1
B17,mixamorig_LeftHandIndex3,16,0.8495928645133972,-0.5171058177947998,0.10383803397417068,0,0.514371931552887,0.7688118815422058,-0.37991032004356384,0,0.11663033813238144,0.3761804699897766,0.919173538684845,0,0.20931699872016907,7.572286128997803,0,1
B18,mixamorig_LeftHandIndex4,17,1,0,0,0,0,1,0,0,0,0,1,0,0.09257400035858154,7.067245006561279,0,1
B19,mixamorig_LeftHandMiddle1,10,0.9172654151916504,-0.39628997445106506,-0.03967699036002159,0,0.3698272705078125,0.8844923377037048,-0.28441953659057617,0,0.14781050384044647,0.24621497094631195,0.957876980304718,0,1.5197080373764038,4.697390079498291,-0.903007984161377,1
B20,mixamorig_LeftHandMiddle2,19,0.7853508591651917,-0.601971447467804,0.14433042705059052,0,0.6029114127159119,0.6909593939781189,-0.3987995982170105,0,0.1403542160987854,0.4002158045768738,0.9056037664413452,0,-0.028943000361323357,5.705953121185303,0,1
B21,mixamorig_LeftHandMiddle3,20,0.9014068841934204,-0.4278070330619812,0.06652022898197174,0,0.42743629217147827,0.8549315929412842,-0.2938670814037323,0,0.06886343657970428,0.29332733154296875,0.9535237550735474,0,-0.025913000106811523,5.316397190093994,0,1
B22,mixamorig_LeftHandMiddle4,21,1,0,0,0,0,1,0,0,0,0,1,0,0.05485500022768974,4.7075958251953125,0,1
B23,mixamorig_RightShoulder,3,-0.016650130972266197,-0.060944925993680954,0.9979979991912842,0,-0.9995262026786804,-0.024521982297301292,-0.01817561313509941,0,0.02557762898504734,-0.9978346824645996,-0.06051594763994217,0,-6.87578010559082,11.678140640258789,-0.39124399423599243,1
B24,mixamorig_RightArm,23,0.9129320383071899,-0.10430778563022614,-0.39451131224632263,0,0.4069497883319855,0.3040660321712494,0.8613319993019104,0,0.030127443373203278,-0.9469199180603027,0.32003679871559143,0,0,16.228382110595703,0,1
B25,mixamorig_RightForeArm,24,0.7755661606788635,-0.6310398578643799,-0.012927493080496788,0,0.631014883518219,0.7747544646263123,0.038162779062986374,0,-0.01407400332391262,-0.037754788994789124,0.9991875886917114,0,0,64.073486328125,0,1
B26,mixamorig_RightHand,25,0.9479584097862244,-0.2583426833152771,-0.18602953851222992,0,0.31386464834213257,0.8562021851539612,0.4103645086288452,0,0.05326610431075096,-0.4473893642425537,0.8927414417266846,0,0,26.222665786743164,0,1
B27,mixamorig_RightHandThumb1,26,0.9489420056343079,0.2255139946937561,0.22057299315929413,0,-0.2883380055427551,0.9036937355995178,0.31654223799705505,0,-0.12794575095176697,-0.3639799952507019,0.9225770235061646,0,-1.089985966682434,2.8507978916168213,-0.7035819888114929,1
B28,mixamorig_RightHandThumb2,27,0.8934230208396912,0.3653010129928589,-0.261438250541687,0,-0.393792986869812,0.9169319868087769,-0.06452199816703796,0,0.21615099906921387,0.1605979949235916,0.9630609750747681,0,1.1414289474487305,2.2306079864501953,0,1
B29,mixamorig_RightHandThumb3,28,0.9967399835586548,-0.08065199851989746,0.0019280000124126673,0,0.07787200063467026,0.9555910229682922,-0.2842229902744293,0,0.021081000566482544,0.2834467589855194,0.9587560296058655,0,1.0272239446640015,9.40027904510498,0,1
B30,mixamorig_RightHandThumb4,29,1,0,0,0,0,1,0,0,0,0,1,0,-2.1686530113220215,10.623954772949219,0,1
B31,mixamorig_RightHandIndex1,26,0.951137363910675,0.14017818868160248,0.27511370182037354,0,-0.05995749682188034,0.9578857421875,-0.2807827591896057,0,-0.3028847575187683,0.25056877732276917,0.9194873571395874,0,0.58952397108078,3.464724063873291,-0.6157140135765076,1
B32,mixamorig_RightHandIndex2,31,0.9984140396118164,0.05207981541752815,0.021352875977754593,0,-0.05467524752020836,0.8071990013122559,0.5877290964126587,0,0.013374696485698223,-0.5879648327827454,0.8087669014930725,0,0.13688699901103973,8.667911529541016,0,1
B33,mixamorig_RightHandIndex3,32,0.998968780040741,0.04509339481592178,0.005328879691660404,0,-0.043273668736219406,0.9099037647247314,0.41255325078964233,0,0.013755331747233868,-0.41235849261283875,0.9109167456626892,0,-0.04278400167822838,7.933143138885498,0,1
B34,mixamorig_RightHandIndex4,33,1,0,0,0,0,1,0,0,0,0,1,0,-0.09410300105810165,7.641447067260742,0,1
B35,mixamorig_RightHandMiddle1,26,0.9406225085258484,0.33622297644615173,0.04672286659479141,0,-0.32275277376174927,0.9284698367118835,-0.18373623490333557,0,-0.10515618324279785,0.1577470451593399,0.9818575978279114,0,-0.58952397108078,2.0204389095306396,-0.47873398661613464,1
B36,mixamorig_RightHandMiddle2,35,0.9987467527389526,0.047320179641246796,0.016316095367074013,0,-0.04823465645313263,0.8227974772453308,0.5662750005722046,0,0.013372626155614853,-0.5663522481918335,0.8240484595298767,0,0.02908100001513958,7.400238990783691,0,1
B37,mixamorig_RightHandMiddle3,36,0.9997437596321106,0.0224777739495039,0.002703688805922866,0,-0.022141531109809875,0.9457886219024658,0.3240242898464203,0,0.004726427141577005,-0.324001282453537,0.946043848991394,0,0.006484000012278557,6.839776992797852,0,1
B38,mixamorig_RightHandMiddle4,37,1,0,0,0,0,1,0,0,0,0,1,0,-0.03556500002741814,6.100010871887207,0,1
B39,mixamorig_LeftUpLeg,0,-0.8726201057434082,-0.4136805534362793,0.25959324836730957,0,0.40234696865081787,-0.91021329164505,-0.09799819439649582,0,0.276839017868042,0.018938487395644188,0.9607236981391907,0,2.565671920776367,-4.170498847961426,0.20741300284862518,1
B40,mixamorig_LeftLeg,39,0.6620377898216248,-0.5743594765663147,-0.48145371675491333,0,0.45171958208084106,0.8183510303497314,-0.3551957905292511,0,0.5979964137077332,0.01767406053841114,0.8012409210205078,0,0,38.209110260009766,0,1
B41,mixamorig_LeftFoot,40,0.5546253323554993,-0.056616269052028656,0.8301559090614319,0,-0.8172333836555481,0.15067711472511292,0.55625319480896,0,-0.15658503770828247,-0.986944317817688,0.037301283329725266,0,0,39.770294189453125,9.999999974752427e-7,1
B42,mixamorig_LeftToeBase,41,0.9900450110435486,-0.14075200259685516,0,0,0.1378829926252365,0.9698629975318909,0.20088499784469604,0,-0.02827499993145466,-0.1988849937915802,0.9796149730682373,0,0,5.343268871307373,0,1
B43,mixamorig_LeftToe_End,42,1,0,0,0,0,1,0,0,0,0,1,0,0,4.710750102996826,0,1
B44,mixamorig_RightUpLeg,0,-0.9235900044441223,0.30781179666519165,-0.22854498028755188,0,-0.31477484107017517,-0.9491450786590576,-0.006281763315200806,0,-0.21885573863983154,0.06613845378160477,0.9735125303268433,0,-2.565671920776367,-4.170498847961426,-0.405021995306015,1
B45,mixamorig_RightLeg,44,0.9396299123764038,0.3254944384098053,0.10558436065912247,0,-0.2668858766555786,0.8902012705802917,-0.369203120470047,0,-0.21416574716567993,0.31873589754104614,0.9233298301696777,0,0,37.86662673950195,0,1
B46,mixamorig_RightFoot,45,0.9276990294456482,-0.017149025574326515,-0.3729340732097626,0,0.3726467788219452,0.10289107263088226,0.9222516417503357,0,0.022556016221642494,-0.9945451021194458,0.1018424853682518,0,0,38.18062210083008,0,1
B47,mixamorig_RightToeBase,46,0.999970018863678,0.007192995864897966,-0.003009730251505971,0,-0.006670249160379171,0.9890314936637878,0.1475549340248108,0,0.004037979058921337,-0.14752992987632751,0.98904949426651,0,0,6.911966800689697,0,1
B48,mixamorig_RightToe_End,47,1,0,0,0,0,1,0,0,0,0,1,0,0,4.547276020050049,0,1
@40,0,1,2,3,4,5,7,8,9,10,11,12,13,15,16,17,19,20,21,23,24,25,26,27,28,29,31,32,33,35,36,37,39,40,41,42,44,45,46,47
K0.000,0.996969997882843,0.023446999490261078,0.07416599988937378,0,-0.007408000063151121,0.9777740240097046,-0.20952899754047394,0,-0.07743000239133835,0.20834499597549438,0.9749860167503357,0,-0.15214300155639648,79.69627380371094,-0.2904900014400482,1,0.9992859959602356,-0.0186149999499321,-0.032885998487472534,0,0.022950999438762665,0.9903330206871033,0.13680100440979004,0,0.030021000653505325,-0.13745799660682678,0.9900529980659485,0,0,8.100197792053223,0.366813987493515,1,0.9999300241470337,-0.0015670000575482845,-0.011737000197172165,0,0.004139999859035015,0.9749150276184082,0.22253799438476562,0,0.011094000190496445,-0.22257100045681,0.974852979183197,0,0,9.459914207458496,0,1,0.9999380111694336,-0.0012379999971017241,-0.011106000281870365,0,0.005644999910145998,0.9136790037155151,0.4063970148563385,0,0.009643999859690666,-0.40643399953842163,0.9136289954185486,0,0,10.811335563659668,0,1,0.9977909922599792,-0.06518399715423584,-0.012775000184774399,0,0.05766800045967102,0.9455289840698242,-0.320389986038208,0,0.03296399861574173,0.3189460039138794,0.9472000002861023,0,0,12.162747383117676,0.000007000000096013537,1,0.9994879961013794,0.004660000093281269,0.03165699914097786,0,0.00165200000628829,0.9805070161819458,-0.1964769959449768,0,-0.03195599839091301,0.19642899930477142,0.9799969792366028,0,0,9.444160461425781,10.524635314941406,1,0.018629999831318855,0.09856200218200684,-0.9949569702148438,0,0.9972500205039978,-0.07321999967098236,0.011420000344514847,0,-0.07172500342130661,-0.992434024810791,-0.09965500235557556,0,6.87578010559082,11.715486526489258,0.43346500396728516,1,0.8776869773864746,0.0561710000038147,0.4759320020675659,0,-0.4649600088596344,0.34038999676704407,0.8172799944877625,0,-0.11609499901533127,-0.938605010509491,0.3248730003833771,0,0,16.22838020324707,0,1,0.7812880277633667,0.6240890026092529,-0.010115999728441238,0,-0.6239989995956421,0.7805899977684021,-0.03610999882221222,0,-0.014639999717473984,0.03452499955892563,0.999297022819519,0,0,64.05503845214844,0,1,-0.5875440239906311,0.14167000353336334,0.7966939806938171,0,0.12343399971723557,0.9887239933013916,-0.0847880020737648,0,-0.7997220158576965,0.04852199926972389,-0.5984060168266296,0,0,26.243467330932617,0,1,-0.6532340049743652,-0.46679800748825073,-0.59614098072052,0,0.5681819915771484,0.218191996216774,-0.7934489846229553,0,0.5004540085792542,-0.8570250272750854,0.12269599735736847,0,-1.7301650047302246,-0.6162170171737671,0.7135099768638611,1,0.8950989842414856,0.2768479883670807,0.3495039939880371,0,-0.11543799936771393,0.9010419845581055,-0.41808798909187317,0,-0.4306640028953552,0.33388400077819824,0.8384799957275391,0,-1.2127950191497803,1.0068730115890503,0,1,0.9031490087509155,0.42535901069641113,-0.0582440011203289,0,-0.42312800884246826,0.8589079976081848,-0.2885119915008545,0,-0.07269500195980072,0.28521299362182617,0.9557030200958252,0,-1.5746129751205444,10.072534561157227,0,1,0.9209100008010864,-0.32893601059913635,-0.20910599827766418,0,0.35305801033973694,0.9312679767608643,0.08993999660015106,0,0.1651490032672882,-0.1566530019044876,0.9737480282783508,0,-1.5197080373764038,-2.4508349895477295,-0.6456609964370728,1,0.9252709746360779,-0.3731650114059448,0.06797599792480469,0,0.37418898940086365,0.8686760067939758,-0.3246299922466278,0,0.062091998755931854,0.32580700516700745,0.9433950185775757,0,-0.3018909990787506,8.144187927246094,0,1,0.9430490136146545,-0.3305250108242035,0.037574999034404755,0,0.32967299222946167,0.9135239720344543,-0.238305002450943,0,0.044440001249313354,0.23712100088596344,0.9704629778862,0,0.20931699872016907,7.572286128997803,0,1,0.9473260045051575,-0.31402701139450073,-0.06293799728155136,0,0.2935220003128052,0.9298949837684631,-0.22167499363422394,0,0.12813700735569,0.19152499735355377,0.9730870127677917,0,1.5197080373764038,4.697390079498291,-0.903007984161377,1,0.8907889723777771,-0.4483650028705597,0.07391300052404404,0,0.44884398579597473,0.8427519798278809,-0.29716798663139343,0,0.07095000147819519,0.29788899421691895,0.951960027217865,0,-0.028943000361323357,5.705953121185303,0,1,0.9690350294113159,-0.24602100253105164,0.021097000688314438,0,0.2458840012550354,0.9535859823226929,-0.17382299900054932,0,0.022646000608801842,0.17362800240516663,0.9845510125160217,0,-0.025913000106811523,5.316397190093994,0,1,-0.0548969991505146,-0.06147199869155884,0.9965980052947998,0,-0.9979389905929565,-0.029846999794244766,-0.05681199952960014,0,0.0332380011677742,-0.9976620078086853,-0.059707000851631165,0,-6.87578010559082,11.678140640258789,-0.39124399423599243,1,0.8922790288925171,-0.10127799957990646,-0.4399780035018921,0,0.4490469992160797,0.3002139925956726,0.8415629863739014,0,0.04685499891638756,-0.9484800100326538,0.3133530020713806,0,0,16.228382110595703,0,1,0.8092479705810547,-0.5873669981956482,-0.010890999808907509,0,0.5873439908027649,0.8085579872131348,0.03552199900150299,0,-0.012059000320732594,-0.03514200076460838,0.9993100166320801,0,0,64.073486328125,0,1,0.9516059756278992,-0.30728599429130554,-0.004594999831169844,0,0.284945011138916,0.8766250014305115,0.3877289891242981,0,-0.11511600017547607,-0.37027499079704285,0.9217619895935059,0,0,26.222665786743164,0,1,0.9489420056343079,0.2255139946937561,0.22057299315929413,0,-0.2883389890193939,0.9036930203437805,0.31654199957847595,0,-0.12794600427150726,-0.3639799952507019,0.9225770235061646,0,-1.089985966682434,2.8507978916168213,-0.7035819888114929,1,0.8934230208396912,0.3652999997138977,-0.2614380121231079,0,-0.393792986869812,0.9169319868087769,-0.06452199816703796,0,0.21615099906921387,0.1605989933013916,0.9630609750747681,0,1.1414289474487305,2.2306079864501953,0,1,0.9967399835586548,-0.08065199851989746,0.0019280000124126673,0,0.07787200063467026,0.9555910229682922,-0.2842229902744293,0,0.021081000566482544,0.2834460139274597,0.9587560296058655,0,1.0272239446640015,9.40027904510498,0,1,0.951911985874176,0.13097000122070312,0.2769649922847748,0,-0.028101999312639236,0.9375360012054443,-0.34675198793411255,0,-0.30507901310920715,0.32229501008987427,0.8961319923400879,0,0.58952397108078,3.464724063873291,-0.6157140135765076,1,0.9988240003585815,0.04532599821686745,0.017183000221848488,0,-0.047488998621702194,0.8438940048217773,0.5344039797782898,0,0.009721999987959862,-0.5345919728279114,0.8450539708137512,0,0.13688699901103973,8.667911529541016,0,1,0.9990829825401306,0.04257800057530403,0.0045079998672008514,0,-0.040922001004219055,0.9186170101165771,0.3930250108242035,0,0.012593000195920467,-0.39284899830818176,0.9195169806480408,0,-0.04278400167822838,7.933143138885498,0,1,0.9418380260467529,0.33271801471710205,0.04732799902558327,0,-0.31451401114463806,0.9222720265388489,-0.22471199929714203,0,-0.1184149980545044,0.1967570036649704,0.9732750058174133,0,-0.58952397108078,2.0204389095306396,-0.47873398661613464,1,0.9988970160484314,0.04466399922966957,0.01451599970459938,0,-0.045478999614715576,0.8428260087966919,0.5362610220909119,0,0.011717000044882298,-0.536329984664917,0.8439270257949829,0,0.02908100001513958,7.400238990783691,0,1,0.999767005443573,0.02144799940288067,0.0024309998843818903,0,-0.021131999790668488,0.9496030211448669,0.3127410113811493,0,0.004399000201374292,-0.31272000074386597,0.9498350024223328,0,0.006484000012278557,6.839776992797852,0,1,-0.8649550080299377,-0.4273900091648102,0.26304298639297485,0,0.4129979908466339,-0.9039760231971741,-0.11072400212287903,0,0.28510600328445435,0.012865000404417515,0.9584100246429443,0,2.565671920776367,-4.170498847961426,0.20741300284862518,1,0.6508409976959229,-0.5793039798736572,-0.4907279908657074,0,0.47848400473594666,0.8148199915885925,-0.3272930085659027,0,0.5894569754600525,-0.021788999438285828,0.8075060248374939,0,0,38.209110260009766,0,1,0.5545740127563477,-0.037957001477479935,0.8312680125236511,0,-0.8168169856071472,0.16595500707626343,0.5525109767913818,0,-0.15892499685287476,-0.9854030013084412,0.06103000044822693,0,0,39.770294189453125,0,1,0.9900450110435486,-0.14075200259685516,0,0,0.1378829926252365,0.9698629975318909,0.20088499784469604,0,-0.02827499993145466,-0.1988849937915802,0.9796149730682373,0,0,5.343268871307373,0,1,-0.9251959919929504,0.305637001991272,-0.2249400019645691,0,-0.3162440061569214,-0.9486039876937866,0.01182200014591217,0,-0.20976600050926208,0.08207300305366516,0.9743009805679321,0,-2.565671920776367,-4.170498847961426,-0.405021995306015,1,0.9396979808807373,0.32832300662994385,0.095769003033638,0,-0.26849499344825745,0.8816559910774231,-0.3880639970302582,0,-0.21184499561786652,0.3389489948749542,0.9166430234909058,0,0,37.86662673950195,0,1,0.9291589856147766,-0.010692999698221684,-0.3695249855518341,0,0.3687469959259033,0.09774500131607056,0.9243760108947754,0,0.026234999299049377,-0.9951540231704712,0.09476400166749954,0,0,38.18062210083008,0,1,0.9999669790267944,0.007290000095963478,-0.0034680000972002745,0,-0.006692000199109316,0.9887999892234802,0.14909599721431732,0,0.004515999928116798,-0.14906799793243408,0.9888169765472412,0,0,6.911966800689697,0,1
K0.033,0.9969630241394043,0.023840010166168213,0.07413200289011002,0,-0.007790008559823036,0.9777399897575378,-0.20967499911785126,0,-0.0774800106883049,0.2084600031375885,0.9749569892883301,0,-0.16403408348560333,79.7073974609375,-0.2840428650379181,1,0.9992380142211914,-0.018914006650447845,-0.03412901982665062,0,0.023426009342074394,0.9902880191802979,0.1370439976453781,0,0.031205017119646072,-0.13773900270462036,0.9899770021438599,0,0,8.100197792053223,0.366813987493515,1,0.9999210238456726,-0.0017440023366361856,-0.012454010546207428,0,0.0044710044749081135,0.974934995174408,0.22244299948215485,0,0.011754008941352367,-0.22248099744319916,0.9748659729957581,0,0,9.459914207458496,0,1,0.9999300241470337,-0.0014210022054612637,-0.011718008667230606,0,0.006060005631297827,0.9137099981307983,0.40632200241088867,0,0.01013000775128603,-0.40636399388313293,0.9136549830436707,0,0,10.811335563659668,0,1,0.9978529810905457,-0.06428398936986923,-0.012492990121245384,0,0.05699199438095093,0.9464380145072937,-0.31781497597694397,0,0.03225398436188698,0.3164209723472595,0.9480699896812439,0,0,12.162747383117676,0.000007000000096013537,1,0.9994480013847351,0.005822011735290289,0.032697051763534546,0,0.0006459977012127638,0.980925977230072,-0.1943819671869278,0,-0.033205050975084305,0.1942959725856781,0.9803810119628906,0,0,9.444160461425781,10.524635314941406,1,0.027602121233940125,0.09861300140619278,-0.9947429895401001,0,0.9967929720878601,-0.0774940699338913,0.019977115094661713,0,-0.07511605322360992,-0.9921039938926697,-0.1004360169172287,0,6.87578010559082,11.715486526489258,0.43346500396728516,1,0.8771460056304932,0.053673963993787766,0.4772160053253174,0,-0.4648419916629791,0.3444010615348816,0.8156650066375732,0,-0.12057306617498398,-0.9372869729995728,0.32704001665115356,0,0,16.22838020324707,0,1,0.7865110635757446,0.6174989342689514,-0.009812996722757816,0,-0.6174099445343018,0.7858300805091858,-0.03572899475693703,0,-0.014350996352732182,0.03415999561548233,0.9993129968643188,0,0,64.05503845214844,0,1,-0.5910160541534424,0.14309002459049225,0.7938669323921204,0,0.12267998605966568,0.9886379837989807,-0.08686304837465286,0,-0.797275960445404,0.046053946018218994,-0.6018550395965576,0,0,26.243467330932617,0,1,-0.6532340049743652,-0.4667989909648895,-0.59614098072052,0,0.5681819915771484,0.218191996216774,-0.7934489846229553,0,0.5004540085792542,-0.8570250272750854,0.12269599735736847,0,-1.7301650047302246,-0.6162170171737671,0.7135099768638611,1,0.8950989842414856,0.2768479883670807,0.3495039939880371,0,-0.11543799936771393,0.9010419845581055,-0.41808798909187317,0,-0.4306640028953552,0.33388400077819824,0.8384799957275391,0,-1.2127950191497803,1.0068730115890503,0,1,0.9031490087509155,0.42535901069641113,-0.0582440011203289,0,-0.42312800884246826,0.8589079976081848,-0.2885119915008545,0,-0.07269500195980072,0.28521400690078735,0.9557030200958252,0,-1.5746129751205444,10.072534561157227,0,1,0.9202280044555664,-0.330765038728714,-0.20922499895095825,0,0.3546150326728821,0.9308519959449768,0.08810397237539291,0,0.1656160205602646,-0.15526996552944183,0.973891019821167,0,-1.5197080373764038,-2.4508349895477295,-0.6456609964370728,1,0.9236479997634888,-0.376926064491272,0.0692940205335617,0,0.3779630661010742,0.8660059571266174,-0.327379047870636,0,0.06338902562856674,0.3285730481147766,0.9423490166664124,0,-0.3018909990787506,8.144187927246094,0,1,0.9416220188140869,-0.33445706963539124,0.0385650172829628,0,0.33357706665992737,0.9113229513168335,-0.24128004908561707,0,0.045553017407655716,0.2400590479373932,0.9696890115737915,0,0.20931699872016907,7.572286128997803,0,1,0.9469119906425476,-0.3153360188007355,-0.06261999160051346,0,0.29473602771759033,0.9292730093002319,-0.2226720154285431,0,0.12840799987316132,0.19239501655101776,0.9728800058364868,0,1.5197080373764038,4.697390079498291,-0.903007984161377,1,0.8893929719924927,-0.4509740471839905,0.074847012758255,0,0.45145806670188904,0.8407419323921204,-0.2988940179347992,0,0.07186701148748398,0.299625039100647,0.9513459801673889,0,-0.028943000361323357,5.705953121185303,0,1,0.968267023563385,-0.24898205697536469,0.0216160099953413,0,0.2488420605659485,0.9524589776992798,-0.1757800281047821,0,0.023178009316325188,0.17558102309703827,0.9841920137405396,0,-0.025913000106811523,5.316397190093994,0,1,-0.044071853160858154,-0.06301402300596237,0.9970390200614929,0,-0.9983749985694885,-0.033306047320365906,-0.046235859394073486,0,0.03612104058265686,-0.9974570274353027,-0.06144402176141739,0,-6.87578010559082,11.678140640258789,-0.39124399423599243,1,0.893106997013092,-0.09557892382144928,-0.43957197666168213,0,0.44667693972587585,0.3041570782661438,0.8414080142974854,0,0.0532790906727314,-0.9478150010108948,0.3143380284309387,0,0,16.228382110595703,0,1,0.8127859830856323,-0.5824639201164246,-0.010676998645067215,0,0.5824419260025024,0.8121089935302734,0.035224996507167816,0,-0.011846998706459999,-0.03484899550676346,0.9993219971656799,0,0,64.073486328125,0,1,0.9516980051994324,-0.3068090081214905,-0.011842135339975357,0,0.2888100743293762,0.881445050239563,0.3736887574195862,0,-0.10421280562877655,-0.35905882716178894,0.9274780750274658,0,0,26.222665786743164,0,1,0.9489420056343079,0.2255139946937561,0.22057299315929413,0,-0.2883380055427551,0.9036930203437805,0.31654301285743713,0,-0.12794600427150726,-0.3639799952507019,0.9225770235061646,0,-1.089985966682434,2.8507978916168213,-0.7035819888114929,1,0.8934230208396912,0.3653010129928589,-0.2614380121231079,0,-0.393792986869812,0.9169319868087769,-0.06452199816703796,0,0.21615099906921387,0.1605989933013916,0.9630609750747681,0,1.1414289474487305,2.2306079864501953,0,1,0.9967399835586548,-0.08065199851989746,0.001927000004798174,0,0.07787200063467026,0.9555910229682922,-0.2842229902744293,0,0.021081000566482544,0.2834460139274597,0.9587560296058655,0,1.0272239446640015,9.40027904510498,0,1,0.9519050121307373,0.13107100129127502,0.2769410014152527,0,-0.02845601551234722,0.9377909898757935,-0.34603098034858704,0,-0.3050679862499237,0.3215079605579376,0.8964179754257202,0,0.58952397108078,3.464724063873291,-0.6157140135765076,1,0.9988200068473816,0.045402005314826965,0.01722700148820877,0,-0.04757000505924225,0.8435059785842896,0.5350090265274048,0,0.009760001674294472,-0.5351970195770264,0.8446710109710693,0,0.13688699901103973,8.667911529541016,0,1,0.9990820288658142,0.04260599985718727,0.004517000634223223,0,-0.04094799980521202,0.9185230135917664,0.3932420015335083,0,0.012606000527739525,-0.3930659890174866,0.9194239974021912,0,-0.04278400167822838,7.933143138885498,0,1,0.941847026348114,0.3326930105686188,0.0473329983651638,0,-0.31445300579071045,0.9222210049629211,-0.22500696778297424,0,-0.11850999295711517,0.1970379650592804,0.9732069969177246,0,-0.58952397108078,2.0204389095306396,-0.47873398661613464,1,0.9988980293273926,0.044645000249147415,0.014503001235425472,0,-0.045458000153303146,0.8429669737815857,0.5360410213470459,0,0.011705000884830952,-0.536109983921051,0.8440669775009155,0,0.02908100001513958,7.400238990783691,0,1,0.999767005443573,0.02143999934196472,0.002429000334814191,0,-0.02112399972975254,0.9496300220489502,0.31266000866889954,0,0.004397000186145306,-0.3126380145549774,0.949862003326416,0,0.006484000012278557,6.839776992797852,0,1,-0.866684079170227,-0.4240419268608093,0.2627680003643036,0,0.4108579754829407,-0.9055010080337524,-0.10612592101097107,0,0.28293895721435547,0.015983054414391518,0.9590049982070923,0,2.565671920776367,-4.170498847961426,0.20741300284862518,1,0.6535240411758423,-0.5786089897155762,-0.4879739284515381,0,0.4724658727645874,0.8155149817466736,-0.3342321217060089,0,0.5913400053977966,-0.012121828272938728,0.8063309788703918,0,0,38.209110260009766,0,1,0.5547959804534912,-0.04265408217906952,0.830892026424408,0,-0.8165609836578369,0.16349895298480988,0.5536199808120728,0,-0.1594640165567398,-0.9856209754943848,0.055878911167383194,0,0,39.770294189453125,0,1,0.9900450110435486,-0.14075200259685516,0,0,0.1378829926252365,0.9698629975318909,0.20088499784469604,0,-0.02827499993145466,-0.1988849937915802,0.9796149730682373,0,0,5.343268871307373,0,1,-0.9256730079650879,0.3045929968357086,-0.2243959903717041,0,-0.31522199511528015,-0.9489390254020691,0.012267005629837513,0,-0.20920199155807495,0.08208999782800674,0.9744210243225098,0,-2.565671920776367,-4.170498847961426,-0.405021995306015,1,0.9406729936599731,0.32568496465682983,0.09520099312067032,0,-0.26609697937965393,0.8821529746055603,-0.3885839879512787,0,-0.21053798496723175,0.34019801020622253,0.9164819717407227,0,0,37.86662673950195,0,1,0.9292250275611877,-0.009663986973464489,-0.36938801407814026,0,0.36851200461387634,0.09780800342559814,0.9244629740715027,0,0.02719501219689846,-0.9951580166816711,0.09444700181484222,0,0,38.18062210083008,0,1,0.9999669790267944,0.007304999977350235,-0.003537000622600317,0,-0.006694999989122152,0.9887650012969971,0.14932900667190552,0,0.004588000942021608,-0.14930100739002228,0.9887809753417969,0,0,6.911966800689697,0,1
K0.067,0.9969220161437988,0.024737991392612457,0.07439199835062027,0,-0.008610991761088371,0.9777209758758545,-0.20973099768161774,0,-0.0779229924082756,0.2084449976682663,0.9749249815940857,0,-0.17331890761852264,79.72696685791016,-0.26840513944625854,1,0.9991639852523804,-0.019649991765618324,-0.035835981369018555,0,0.02439599111676216,0.9902420043945312,0.13720600306987762,0,0.03279098495841026,-0.13796499371528625,0.9898939728736877,0,0,8.100197792053223,0.366813987493515,1,0.9999079704284668,-0.001980997622013092,-0.013437990099191666,0,0.004916995298117399,0.9749979972839355,0.2221599966287613,0,0.012661990709602833,-0.2222059965133667,0.974918007850647,0,0,9.459914207458496,0,1,0.9999189972877502,-0.001645997748710215,-0.012587991543114185,0,0.006615994498133659,0.9138169884681702,0.4060719907283783,0,0.010834992863237858,-0.40612301230430603,0.9137539863586426,0,0,10.811335563659668,0,1,0.9979349970817566,-0.06320000439882278,-0.011473010294139385,0,0.05638200789690018,0.9474419951438904,-0.314922034740448,0,0.030773015692830086,0.3136240243911743,0.9490479826927185,0,0,12.162747383117676,0.000007000000096013537,1,0.9992570281028748,0.006973988376557827,0.03791794925928116,0,0.0004210022452753037,0.9814730286598206,-0.1916000247001648,0,-0.03855094686150551,0.19147303700447083,0.9807400107383728,0,0,9.444160461425781,10.524635314941406,1,0.03977688029408455,0.09869299829006195,-0.9943230152130127,0,0.9959669709205627,-0.0840059295296669,0.031504884362220764,0,-0.08041894435882568,-0.991566002368927,-0.10163698345422745,0,6.87578010559082,11.715486526489258,0.43346500396728516,1,0.8766419887542725,0.04997103661298752,0.47854098677635193,0,-0.46393200755119324,0.35142892599105835,0.81318199634552,0,-0.12753692269325256,-0.9348800182342529,0.33125996589660645,0,0,16.22838020324707,0,1,0.7927069664001465,0.6095290780067444,-0.009454003535211086,0,-0.6094410419464111,0.7920459508895874,-0.03526700288057327,0,-0.014008003287017345,0.033719003200531006,0.9993330240249634,0,0,64.05503845214844,0,1,-0.5974079370498657,0.14599497616291046,0.7885360717773438,0,0.12086901813745499,0.9884480237960815,-0.09143595397472382,0,-0.7927760481834412,0.040685053914785385,-0.6081539392471313,0,0,26.243467330932617,0,1,-0.6532350182533264,-0.46679800748825073,-0.59614098072052,0,0.5681819915771484,0.218190997838974,-0.7934489846229553,0,0.500452995300293,-0.8570250272750854,0.12269599735736847,0,-1.7301650047302246,-0.6162170171737671,0.7135099768638611,1,0.8950989842414856,0.2768479883670807,0.3495039939880371,0,-0.11543799936771393,0.9010419845581055,-0.41808798909187317,0,-0.4306640028953552,0.3338850140571594,0.8384799957275391,0,-1.2127950191497803,1.0068730115890503,0,1,0.9031490087509155,0.42535901069641113,-0.05824299901723862,0,-0.42312800884246826,0.8589079976081848,-0.2885119915008545,0,-0.07269500195980072,0.28521299362182617,0.9557030200958252,0,-1.5746129751205444,10.072534561157227,0,1,0.91907799243927,-0.3338259756565094,-0.20941899716854095,0,0.35721996426582336,0.9301419854164124,0.08503203094005585,0,0.16640397906303406,-0.15296003222465515,0.9741219878196716,0,-1.5197080373764038,-2.4508349895477295,-0.6456609964370728,1,0.9208930134773254,-0.38319793343544006,0.07152798026800156,0,0.3842589259147644,0.8614790439605713,-0.3319619297981262,0,0.06558697670698166,0.33318594098091125,0.94057697057724,0,-0.3018909990787506,8.144187927246094,0,1,0.9391940236091614,-0.341018944978714,0.040249984711408615,0,0.3400919437408447,0.9075790643692017,-0.24624694883823395,0,0.04744498059153557,0.24496296048164368,0.9683709740638733,0,0.20931699872016907,7.572286128997803,0,1,0.9461529850959778,-0.317719966173172,-0.06203700602054596,0,0.2969479560852051,0.9281309843063354,-0.2244889885187149,0,0.12890300154685974,0.19397898018360138,0.9725000262260437,0,1.5197080373764038,4.697390079498291,-0.903007984161377,1,0.8868280053138733,-0.4557129442691803,0.07656398415565491,0,0.4562089443206787,0.8370480537414551,-0.3020319640636444,0,0.07355198264122009,0.302778959274292,0.9502180218696594,0,-0.028943000361323357,5.705953121185303,0,1,0.9668430089950562,-0.2543729543685913,0.022577989846467972,0,0.254226952791214,0.9503710269927979,-0.17934396862983704,0,0.02416299097239971,0.1791369765996933,0.9835270047187805,0,-0.025913000106811523,5.316397190093994,0,1,-0.029541146010160446,-0.06505397707223892,0.9974439740180969,0,-0.9987580180168152,-0.03812595084309578,-0.03206714242696762,0,0.040114957839250565,-0.9971529841423035,-0.06384697556495667,0,-6.87578010559082,11.678140640258789,-0.39124399423599243,1,0.894860029220581,-0.08818507194519043,-0.43754902482032776,0,0.44196605682373047,0.312068909406662,0.8409990072250366,0,0.06238090991973877,-0.9459580183029175,0.3182329833507538,0,0,16.228382110595703,0,1,0.815015971660614,-0.5793420672416687,-0.010541001334786415,0,0.5793200731277466,0.8143470287322998,0.035036005079746246,0,-0.011714001186192036,-0.034662000834941864,0.9993299841880798,0,0,64.073486328125,0,1,0.9514700174331665,-0.3066979944705963,-0.02530786581337452,0,0.2957599461078644,0.8886089324951172,0.3505702316761017,0,-0.08503019064664841,-0.3410421907901764,0.9361939430236816,0,0,26.222665786743164,0,1,0.9489420056343079,0.2255139946937561,0.22057299315929413,0,-0.2883380055427551,0.9036930203437805,0.31654301285743713,0,-0.12794500589370728,-0.3639799952507019,0.9225770235061646,0,-1.089985966682434,2.8507978916168213,-0.7035819888114929,1,0.8934230208396912,0.3653010129928589,-0.2614380121231079,0,-0.393792986869812,0.9169319868087769,-0.06452199816703796,0,0.21615099906921387,0.1605979949235916,0.9630609750747681,0,1.1414289474487305,2.2306079864501953,0,1,0.9967399835586548,-0.08065199851989746,0.001927000004798174,0,0.07787200063467026,0.9555910229682922,-0.2842229902744293,0,0.021081000566482544,0.2834469974040985,0.9587560296058655,0,1.0272239446640015,9.40027904510498,0,1,0.9518759846687317,0.1314930021762848,0.27684101462364197,0,-0.029922984540462494,0.9388440251350403,-0.3430410325527191,0,-0.30501800775527954,0.31824803352355957,0.8975980281829834,0,0.58952397108078,3.464724063873291,-0.6157140135765076,1,0.9988030195236206,0.0457179956138134,0.01740899868309498,0,-0.04790499806404114,0.8418959975242615,0.537509024143219,0,0.009916998445987701,-0.5376989841461182,0.8430789709091187,0,0.13688699901103973,8.667911529541016,0,1,0.9990770220756531,0.04272200167179108,0.004552999511361122,0,-0.041057001799345016,0.9181320071220398,0.3941429853439331,0,0.01265799906104803,-0.3939659893512726,0.9190379977226257,0,-0.04278400167822838,7.933143138885498,0,1,0.9417669773101807,0.3329240083694458,0.04728800058364868,0,-0.3150140047073364,0.922681987285614,-0.2223140299320221,0,-0.1176450103521347,0.1944720298051834,0.9738280177116394,0,-0.58952397108078,2.0204389095306396,-0.47873398661613464,1,0.9988880157470703,0.044821999967098236,0.01461899932473898,0,-0.04564199969172478,0.8416789770126343,0.5380449891090393,0,0.011811998672783375,-0.5381140112876892,0.8427889943122864,0,0.02908100001513958,7.400238990783691,0,1,0.9997659921646118,0.021508000791072845,0.0024469997733831406,0,-0.021190999075770378,0.949383020401001,0.31340599060058594,0,0.004418000113219023,-0.313385009765625,0.949616014957428,0,0.006484000012278557,6.839776992797852,0,1,-0.8698769211769104,-0.4177100658416748,0.26236099004745483,0,0.40660104155540466,-0.9083290100097656,-0.09805208444595337,0,0.2792680263519287,0.021382946521043777,0.959975004196167,0,2.565671920776367,-4.170498847961426,0.20741300284862518,1,0.6585989594459534,-0.5771039724349976,-0.4829060733318329,0,0.46173810958862305,0.8166549801826477,-0.3462248742580414,0,0.5941759943962097,0.005046829581260681,0.8043190240859985,0,0,38.209110260009766,0,1,0.5551949739456177,-0.05093191936612129,0.8301590085029602,0,-0.8161129951477051,0.1590920388698578,0.5555620193481445,0,-0.16036798059940338,-0.9859489798545837,0.04676108807325363,0,0,39.770294189453125,0,1,0.9900450110435486,-0.14075200259685516,0,0,0.1378829926252365,0.9698629975318909,0.20088499784469604,0,-0.02827499993145466,-0.1988849937915802,0.9796149730682373,0,0,5.343268871307373,0,1,-0.9262300133705139,0.3034830093383789,-0.22359901666641235,0,-0.3141300082206726,-0.9492939710617065,0.012796994298696518,0,-0.20837801694869995,0.08209200203418732,0.9745969772338867,0,-2.565671920776367,-4.170498847961426,-0.405021995306015,1,0.941989004611969,0.3219950199127197,0.09473800659179688,0,-0.2627450227737427,0.8830540180206299,-0.38881999254226685,0,-0.20885701477527618,0.341372013092041,0.9164299964904785,0,0,37.86662673950195,0,1,0.929302990436554,-0.008380012586712837,-0.3692229986190796,0,0.3682189881801605,0.09809199720621109,0.9245499968528748,0,0.028469987213611603,-0.9951419830322266,0.09424299746751785,0,0,38.18062210083008,0,1,0.9999669790267944,0.007321999873965979,-0.0036169993691146374,0,-0.006699000019580126,0.9887239933013916,0.14959800243377686,0,0.004670999012887478,-0.14956900477409363,0.9887400269508362,0,0,6.911966800689697,0,1
