1.500,30,45,49
B0,mixamorig_Hips,-1,0.9974458813667297,0.04666497930884361,-0.04786157235503197,0,-0.050763364881277084,0.9944909811019897,-0.08820965141057968,0,0.043463706970214844,0.09052981436252594,0.9949404001235962,0,-6.224008560180664,76.70932006835938,0.11164507269859314,1
B1,mixamorig_Spine,0,0.9893817901611328,-0.016384974122047424,-0.14241890609264374,0,0.05818687379360199,0.9532421231269836,0.2956644892692566,0,0.13075268268585205,-0.3006710112094879,0.9445531368255615,0,0,8.100197792053223,0.366813987493515,1
B2,mixamorig_Spine1,1,0.9967721700668335,-0.056095920503139496,-0.05739102512598038,0,0.06173411384224892,0.992895781993866,0.1017199456691742,0,0.051276929676532745,-0.10493488609790802,0.9931538105010986,0,0,9.459914207458496,0,1
B3,mixamorig_Spine2,2,0.9968891143798828,-0.05517563968896866,-0.05623137578368187,0,0.06077084317803383,0.9928005337715149,0.10321605205535889,0,0.05013119801878929,-0.10631253570318222,0.9930654168128967,0,0,10.811335563659668,0,1
B4,mixamorig_Neck,3,0.9971106648445129,-0.07503896206617355,-0.011283932253718376,0,0.07477877289056778,0.9969300031661987,-0.022497432306408882,0,0.012952610850334167,0.021592341363430023,0.9996700286865234,0,0,12.162747383117676,0.000007000000096013537,1
B5,mixamorig_Head,4,0.9856009483337402,0.1418958455324173,0.09088543802499771,0,-0.15408268570899963,0.9772017598152161,0.145773246884346,0,-0.06815217435359955,-0.15778544545173645,0.9850464463233948,0,0,9.444160461425781,10.524635314941406,1
B6,mixamorig_HeadTop_End,5,1,0,0,0,0,1,0,0,0,0,1,0,0,18.481170654296875,20.595535278320312,1
B7,mixamorig_LeftShoulder,3,0.18992109596729279,0.05378257483243942,-0.9802352786064148,0,0.980535089969635,-0.059078287333250046,0.18675388395786285,0,-0.04783958941698074,-0.9967923760414124,-0.06390213221311569,0,6.87578010559082,11.715486526489258,0.43346500396728516,1
B8,mixamorig_LeftArm,7,0.9636380076408386,-0.22808332741260529,0.1357378512620926,0,0.02229955419898033,0.5796853303909302,0.8144007921218872,0,-0.264558881521225,-0.7816632986068726,0.5640822649002075,0,0,16.22838020324707,0,1
B9,mixamorig_LeftForeArm,8,0.07574319839477539,0.9756689667701721,-0.20573407411575317,0,-0.9917234182357788,0.09515834599733353,0.0861625075340271,0,0.10364298522472382,0.19750584661960602,0.9748073816299438,0,0,64.05503845214844,0,1
B10,mixamorig_LeftHand,9,-0.9741480350494385,0.09732945263385773,0.20368726551532745,0,-0.007462070789188147,0.8879396319389343,-0.45969724655151367,0,-0.22553500533103943,-0.44939446449279785,-0.8643025159835815,0,0,26.243467330932617,0,1
B11,mixamorig_LeftHandThumb1,10,-0.5217829942703247,-0.5510470271110535,-0.651220977306366,0,0.5247877836227417,0.3945022523403168,-0.7542979717254639,0,0.6725622415542603,-0.7353330254554749,0.08333775401115417,0,-1.7301650047302246,-0.6162170171737671,0.7135099768638611,1
B12,mixamorig_LeftHandThumb2,11,0.8669350147247314,0.48684099316596985,0.10681299865245819,0,-0.46855300664901733,0.8691200017929077,-0.15839199721813202,0,-0.16994500160217285,0.08726875483989716,0.98158198595047,0,-1.2127950191497803,1.0068730115890503,0,1
B13,mixamorig_LeftHandThumb3,12,0.9408310055732727,0.3386619985103607,0.012051999568939209,0,-0.33567899465560913,0.9362390041351318,-0.10380899906158447,0,-0.046438999474048615,0.09362100064754486,0.9945240020751953,0,-1.5746129751205444,10.072534561157227,0,1
B14,mixamorig_LeftHandThumb4,13,1,0,0,0,0,1,0,0,0,0,1,0,2.7874090671539307,11.770417213439941,0,1
B15,mixamorig_LeftHandIndex1,10,0.9096680283546448,-0.4148370027542114,0.02037999965250492,0,0.4072659909725189,0.881289005279541,-0.23971499502658844,0,0.08148200064897537,0.2263610064983368,0.9706289768218994,0,-1.5197080373764038,-2.4508349895477295,-0.6456609964370728,1
B16,mixamorig_LeftHandIndex2,15,0.9998840093612671,-0.015041757375001907,0.0022780001163482666,0,0.015154000371694565,0.9979619979858398,-0.06198300048708916,0,-0.0013409999664872885,0.0620109997689724,0.998075008392334,0,-0.3018909990787506,8.144187927246094,0,1
B17,mixamorig_LeftHandIndex3,16,0.9985219836235046,-0.05432099848985672,0.0016830000095069408,0,0.054347001016139984,0.9980379939079285,-0.031074000522494316,0,0.000007999999979801942,0.031119000166654587,0.9995160102844238,0,0.20931699872016907,7.572286128997803,0,1
B18,mixamorig_LeftHandIndex4,17,1,0,0,0,0,1,0,0,0,0,1,0,0.09257400035858154,7.067245006561279,0,1
B19,mixamorig_LeftHandMiddle1,10,0.9161720275878906,-0.3985080122947693,-0.042667001485824585,0,0.37774398922920227,0.8941680192947388,-0.24036076664924622,0,0.13393700122833252,0.20409399271011353,0.9697452187538147,0,1.5197080373764038,4.697390079498291,-0.903007984161377,1
B20,mixamorig_LeftHandMiddle2,19,0.9965370297431946,-0.08310999721288681,0.0026809999253600836,0,0.08312699943780899,0.9948840141296387,-0.05740400031208992,0,0.0021039999555796385,0.05742799863219261,0.9983469843864441,0,-0.028943000361323357,5.705953121185303,0,1
B21,mixamorig_LeftHandMiddle3,20,0.9996849894523621,-0.02507999911904335,0.00007300000288523734,0,0.025071758776903152,0.9992750287055969,-0.028667999431490898,0,0.0006459999713115394,0.028660999611020088,0.9995890259742737,0,-0.025913000106811523,5.316397190093994,0,1
B22,mixamorig_LeftHandMiddle4,21,1,0,0,0,0,1,0,0,0,0,1,0,0.05485500022768974,4.7075958251953125,0,1
B23,mixamorig_RightShoulder,3,0.30642443895339966,-0.09151248633861542,0.9474855661392212,0,-0.9412539601325989,0.11923456937074661,0.3159272372722626,0,-0.1418846994638443,-0.988633394241333,-0.04959746077656746,0,-6.87578010559082,11.678140640258789,-0.39124399423599243,1
B24,mixamorig_RightArm,23,0.8341889977455139,0.3381221890449524,-0.4355700612068176,0,0.16147035360336304,0.6054080724716187,0.7793305516242981,0,0.5271989107131958,-0.7204385995864868,0.45046266913414,0,0,16.228382110595703,0,1
B25,mixamorig_RightForeArm,24,0.2900146245956421,-0.9508072137832642,0.10857494920492172,0,0.937551736831665,0.30503904819488525,0.16697441041469574,0,-0.19188424944877625,0.05337986722588539,0.9799637794494629,0,0,64.073486328125,0,1
B26,mixamorig_RightHand,25,0.855157732963562,-0.3195416033267975,-0.40815308690071106,0,0.35585737228393555,0.9344304800033569,0.014023574069142342,0,0.3769092857837677,-0.15724033117294312,0.9128051996231079,0,0,26.222665786743164,0,1
B27,mixamorig_RightHandThumb1,26,0.9296830296516418,0.3233549892902374,0.17644000053405762,0,-0.34422099590301514,0.9331579804420471,0.10357800126075745,0,-0.13115400075912476,-0.15702900290489197,0.9788470268249512,0,-1.089985966682434,2.8507978916168213,-0.7035819888114929,1
B28,mixamorig_RightHandThumb2,27,0.9910439848899841,-0.11080499738454819,-0.07452700287103653,0,0.11225900053977966,0.993556022644043,0.015600999817252159,0,0.07231800258159637,-0.023826999589800835,0.9970970153808594,0,1.1414289474487305,2.2306079864501953,0,1
B29,mixamorig_RightHandThumb3,28,0.9618740081787109,-0.27311575412750244,-0.014391000382602215,0,0.2720000147819519,0.9607849717140198,-0.05392475798726082,0,0.028555000200867653,0.047954000532627106,0.9984409809112549,0,1.0272239446640015,9.40027904510498,0,1
B30,mixamorig_RightHandThumb4,29,1,0,0,0,0,1,0,0,0,0,1,0,-2.1686530113220215,10.623954772949219,0,1
B31,mixamorig_RightHandIndex1,26,0.9487879872322083,0.3153949975967407,0.018070241436362267,0,-0.3108629882335663,0.9422810077667236,-0.12438099831342697,0,-0.0562562420964241,0.11239375174045563,0.9920700192451477,0,0.58952397108078,3.464724063873291,-0.6157140135765076,1
B32,mixamorig_RightHandIndex2,31,0.9997749924659729,-0.021185999736189842,0.001032999949529767,0,0.021185999736189842,0.9997760057449341,0.000006000000212225132,0,-0.001032999949529767,0.000015999999959603883,0.9999989867210388,0,0.13688699901103973,8.667911529541016,0,1
B33,mixamorig_RightHandIndex3,32,0.9999759793281555,-0.006918999832123518,-0.0005869999877177179,0,0.006918999832123518,0.9999759793281555,-0.000007000000096013537,0,0.0005869999877177179,0.000003000000106112566,1,0,-0.04278400167822838,7.933143138885498,0,1
B34,mixamorig_RightHandIndex4,33,1,0,0,0,0,1,0,0,0,0,1,0,-0.09410300105810165,7.641447067260742,0,1
B35,mixamorig_RightHandMiddle1,26,0.9499199986457825,0.30787375569343567,0.05353400111198425,0,-0.29957976937294006,0.9459409713745117,-0.12429100275039673,0,-0.08890599757432938,0.10202900320291519,0.9908009767532349,0,-0.58952397108078,2.0204389095306396,-0.47873398661613464,1
B36,mixamorig_RightHandMiddle2,35,0.9999960064888,-0.0029819998890161514,0.00009724275150801986,0,0.0029819998890161514,0.9999960064888,0,0,-0.00009724275150801986,9.999999974752427e-7,1,0,0.02908100001513958,7.400238990783691,0,1
B37,mixamorig_RightHandMiddle3,36,0.9999769926071167,-0.006785999983549118,-0.00022600000374950469,0,0.006785999983549118,0.9999769926071167,-9.999999974752427e-7,0,0.00022600000374950469,-9.999999974752427e-7,1,0,0.006484000012278557,6.839776992797852,0,1
B38,mixamorig_RightHandMiddle4,37,1,0,0,0,0,1,0,0,0,0,1,0,-0.03556500002741814,6.100010871887207,0,1
B39,mixamorig_LeftUpLeg,0,-0.9070994257926941,-0.3849809169769287,0.1690787822008133,0,0.4166712760925293,-0.7698246240615845,0.4833963215351105,0,-0.05593346431851387,0.5088619589805603,0.8587961196899414,0,2.565671920776367,-4.170498847961426,0.20741300284862518,1
B40,mixamorig_LeftLeg,39,0.8344802260398865,-0.4999296963214874,-0.2266911417245865,0,0.40492257475852966,0.8384994864463806,-0.36037731170654297,0,0.37247559428215027,0.2091892957687378,0.9035446643829346,0,0,38.209110260009766,0,1
B41,mixamorig_LeftFoot,40,0.4149022102355957,-0.009693782776594162,0.9096199870109558,0,-0.9094986915588379,-0.02262878604233265,0.4147414267063141,0,0.0166704673320055,-0.9995642304420471,-0.018404969945549965,0,0,39.770294189453125,9.999999974752427e-7,1
B42,mixamorig_LeftToeBase,41,0.9891776442527771,-0.14658376574516296,0.00610841391608119,0,0.14144375920295715,0.9639345407485962,0.22538544237613678,0,-0.03893059119582176,-0.2220807671546936,0.9742364883422852,0,0,5.343268871307373,0,1
B43,mixamorig_LeftToe_End,42,1,0,0,0,0,1,0,0,0,0,1,0,0,4.710750102996826,0,1
B44,mixamorig_RightUpLeg,0,-0.9223143458366394,0.3393801748752594,-0.1842195987701416,0,-0.35630375146865845,-0.9316993951797485,0.06770635396242142,0,-0.14852450788021088,0.12799574434757233,0.9804859161376953,0,-2.565671920776367,-4.170498847961426,-0.405021995306015,1
B45,mixamorig_RightLeg,44,0.9750193953514099,0.12832649052143097,-0.18112622201442719,0,-0.21260394155979156,0.7729819416999817,-0.5975037813186646,0,0.06337213516235352,0.6211126446723938,0.78094083070755,0,0,37.86662673950195,0,1
B46,mixamorig_RightFoot,45,0.9246723055839539,0.2334507256746292,-0.30019646883010864,0,0.33342626690864563,-0.11635668575763702,0.9353402256965637,0,0.18357232213020325,-0.9649944305419922,-0.18537317216396332,0,0,38.18062210083008,0,1
B47,mixamorig_RightToeBase,46,0.9999780058860779,0.006641097832471132,-0.00033376101055182517,0,-0.006530456710606813,0.9903343319892883,0.13854601979255676,0,0.0012507321080192924,-0.13854077458381653,0.9903563857078552,0,0,6.911966800689697,0,1
B48,mixamorig_RightToe_End,47,1,0,0,0,0,1,0,0,0,0,1,0,0,4.547276020050049,0,1
@40,0,1,2,3,4,5,7,8,9,10,11,12,13,15,16,17,19,20,21,23,24,25,26,27,28,29,31,32,33,35,36,37,39,40,41,42,44,45,46,47
K0.000,0.9651730060577393,0.25974100828170776,-0.031235000118613243,0,-0.261245995759964,0.9632409811019897,-0.06258799880743027,0,0.013829999603331089,0.06856799870729446,0.9975510239601135,0,-8.62421989440918,79.1052474975586,-0.8220660090446472,1,0.9707720279693604,-0.2388550043106079,-0.023445000872015953,0,0.22963400185108185,0.8959869742393494,0.38009798526763916,0,-0.06978199630975723,-0.3743729889392853,0.9246490001678467,0,0,8.100197792053223,0.366813987493515,1,0.9991099834442139,-0.041331999003887177,-0.008445999585092068,0,0.041999999433755875,0.9933680295944214,0.10703500360250473,0,0.003965999931097031,-0.10729499906301498,0.9942190051078796,0,0,9.459914207458496,0,1,0.9991210103034973,-0.04126700013875961,-0.007311000023037195,0,0.04181399941444397,0.9933570027351379,0.10720399767160416,0,0.0028379999566823244,-0.10741599649190903,0.9942100048065186,0,0,10.811335563659668,0,1,0.998341977596283,-0.044419001787900925,-0.03661800175905228,0,0.04262600094079971,0.9979190230369568,-0.04837799817323685,0,0.038690999150276184,0.04673700034618378,0.9981579780578613,0,0,12.162747383117676,0.000007000000096013537,1,0.9910420179367065,0.01797099970281124,-0.13233999907970428,0,-0.024979999288916588,0.9983609914779663,-0.0514880008995533,0,0.1311970055103302,0.054333001375198364,0.9898660182952881,0,0,9.444160461425781,10.524635314941406,1,0.3004390001296997,0.08489999920129776,-0.9500150084495544,0,0.9535070061683655,-0.0020179999992251396,0.3013629913330078,0,0.02366900071501732,-0.9963870048522949,-0.08155900239944458,0,6.87578010559082,11.715486526489258,0.43346500396728516,1,0.988152027130127,-0.08646299690008163,0.12680600583553314,0,-0.0524509996175766,0.5862249732017517,0.8084489703178406,0,-0.14423799514770508,-0.8055210113525391,0.5747439861297607,0,0,16.22838020324707,0,1,0.04101099818944931,0.9772689938545227,-0.20799799263477325,0,-0.993930995464325,0.06116899847984314,0.09142699837684631,0,0.10207200050354004,0.2029860019683838,0.973846971988678,0,0,64.05503845214844,0,1,-0.9662160277366638,0.1622910052537918,0.2002210021018982,0,0.0619949996471405,0.9003890156745911,-0.43064698576927185,0,-0.25016701221466064,-0.4036850035190582,-0.8800309896469116,0,0,26.243467330932617,0,1,-0.5217829942703247,-0.5510479807853699,-0.651220977306366,0,0.5247870087623596,0.39450299739837646,-0.7542979717254639,0,0.6725630164146423,-0.7353320121765137,0.08333799988031387,0,-1.7301650047302246,-0.6162170171737671,0.7135099768638611,1,0.8669350147247314,0.48684099316596985,0.10681399703025818,0,-0.46855300664901733,0.8691200017929077,-0.15839199721813202,0,-0.16994599997997284,0.08726800233125687,0.98158198595047,0,-1.2127950191497803,1.0068730115890503,0,1,0.9408310055732727,0.3386619985103607,0.012051999568939209,0,-0.33567899465560913,0.9362390041351318,-0.10380899906158447,0,-0.046438999474048615,0.09362100064754486,0.9945240020751953,0,-1.5746129751205444,10.072534561157227,0,1,0.9096680283546448,-0.41483598947525024,0.02037999965250492,0,0.4072659909725189,0.8812900185585022,-0.23971499502658844,0,0.08148200064897537,0.2263610064983368,0.9706289768218994,0,-1.5197080373764038,-2.4508349895477295,-0.6456609964370728,1,0.9998840093612671,-0.015041000209748745,0.0022780001163482666,0,0.015154000371694565,0.9979619979858398,-0.06198300048708916,0,-0.0013409999664872885,0.0620109997689724,0.998075008392334,0,-0.3018909990787506,8.144187927246094,0,1,0.9985219836235046,-0.05432099848985672,0.0016830000095069408,0,0.054347001016139984,0.9980379939079285,-0.031074000522494316,0,0.000007999999979801942,0.031120000407099724,0.9995160102844238,0,0.20931699872016907,7.572286128997803,0,1,0.9161720275878906,-0.3985080122947693,-0.042667001485824585,0,0.3777430057525635,0.8941680192947388,-0.24036100506782532,0,0.13393700122833252,0.20409399271011353,0.9697449803352356,0,1.5197080373764038,4.697390079498291,-0.903007984161377,1,0.9965370297431946,-0.08310999721288681,0.0026809999253600836,0,0.08312699943780899,0.9948840141296387,-0.057402998208999634,0,0.0021039999555796385,0.05742799863219261,0.9983469843864441,0,-0.028943000361323357,5.705953121185303,0,1,0.9996849894523621,-0.02507999911904335,0.00007300000288523734,0,0.025071000680327415,0.9992750287055969,-0.028667999431490898,0,0.0006459999713115394,0.028660999611020088,0.9995890259742737,0,-0.025913000106811523,5.316397190093994,0,1,0.33530399203300476,-0.10163400322198868,0.9366120100021362,0,-0.9285029768943787,0.13270500302314758,0.3468019962310791,0,-0.15953999757766724,-0.9859309792518616,-0.04987100139260292,0,-6.87578010559082,11.678140640258789,-0.39124399423599243,1,0.7672860026359558,0.33846598863601685,-0.544713020324707,0,0.21957999467849731,0.65938800573349,0.7190219759941101,0,0.6025410294532776,-0.6713039875030518,0.43161898851394653,0,0,16.228382110595703,0,1,0.3257409930229187,-0.9391679763793945,0.10888899862766266,0,0.9265779852867126,0.3400140106678009,0.1607609987258911,0,-0.1880050003528595,0.04852699860930443,0.9809679985046387,0,0,64.073486328125,0,1,0.85521399974823,-0.32045701146125793,-0.4073289930820465,0,0.3563210070133209,0.9342719912528992,0.0131029998883605,0,0.37635698914527893,-0.15634499490261078,0.9131879806518555,0,0,26.222665786743164,0,1,0.9296830296516418,0.3233549892902374,0.17644000053405762,0,-0.34422099590301514,0.9331579804420471,0.10357899963855743,0,-0.13115400075912476,-0.15703000128269196,0.9788470268249512,0,-1.089985966682434,2.8507978916168213,-0.7035819888114929,1,0.9910439848899841,-0.11080499738454819,-0.07452700287103653,0,0.11225900053977966,0.993556022644043,0.015600999817252159,0,0.07231800258159637,-0.023826999589800835,0.9970970153808594,0,1.1414289474487305,2.2306079864501953,0,1,0.9618740081787109,-0.27311500906944275,-0.014391999691724777,0,0.2719990015029907,0.9607849717140198,-0.05392400175333023,0,0.028555000200867653,0.047954000532627106,0.9984409809112549,0,1.0272239446640015,9.40027904510498,0,1,0.9487879872322083,0.3153949975967407,0.018070999532938004,0,-0.3108629882335663,0.9422810077667236,-0.12438099831342697,0,-0.05625699833035469,0.11239399760961533,0.9920700192451477,0,0.58952397108078,3.464724063873291,-0.6157140135765076,1,0.9997749924659729,-0.021185999736189842,0.001032999949529767,0,0.021185999736189842,0.9997760057449341,0.000006000000212225132,0,-0.001032999949529767,0.000015999999959603883,0.9999989867210388,0,0.13688699901103973,8.667911529541016,0,1,0.9999759793281555,-0.006918999832123518,-0.0005869999877177179,0,0.006918999832123518,0.9999759793281555,-0.000007000000096013537,0,0.0005869999877177179,0.000003000000106112566,1,0,-0.04278400167822838,7.933143138885498,0,1,0.9499199986457825,0.30787399411201477,0.05353400111198425,0,-0.29958000779151917,0.9459409713745117,-0.12429100275039673,0,-0.08890599757432938,0.10202900320291519,0.9908009767532349,0,-0.58952397108078,2.0204389095306396,-0.47873398661613464,1,0.9999960064888,-0.0029819998890161514,0.000097999996796716,0,0.0029819998890161514,0.9999960064888,0,0,-0.000097999996796716,0,1,0,0.02908100001513958,7.400238990783691,0,1,0.9999769926071167,-0.006785999983549118,-0.00022600000374950469,0,0.006785999983549118,0.9999769926071167,0,0,0.00022600000374950469,0,1,0,0.006484000012278557,6.839776992797852,0,1,-0.9506800174713135,-0.13640600442886353,0.27856799960136414,0,0.2760410010814667,-0.7816529870033264,0.5593029856681824,0,0.14145100116729736,0.6086140275001526,0.7807559967041016,0,2.565671920776367,-4.170498847961426,0.20741300284862518,1,0.8649700284004211,-0.4941360056400299,0.08750499784946442,0,0.2705039978027344,0.31223899126052856,-0.9106780290603638,0,0.4226759970188141,0.8113790154457092,0.4037429988384247,0,0,38.209110260009766,0,1,0.40563899278640747,-0.08755899965763092,0.9098299741744995,0,-0.9136520028114319,-0.06759200245141983,0.4008390009403229,0,0.026399999856948853,-0.9938639998435974,-0.10741599649190903,0,0,39.770294189453125,0,1,0.9898759722709656,-0.1419290006160736,0.001259000040590763,0,0.13863199949264526,0.9687049984931946,0.20589299499988556,0,-0.030441999435424805,-0.20363399386405945,0.9785739779472351,0,0,5.343268871307373,0,1,-0.8494719862937927,0.4771899878978729,-0.22513599693775177,0,-0.520753026008606,-0.8269230127334595,0.21216599643230438,0,-0.08492700010538101,0.29746899008750916,0.9509469866752625,0,-2.565671920776367,-4.170498847961426,-0.405021995306015,1,0.9726420044898987,0.1515589952468872,-0.17606300115585327,0,-0.2215700000524521,0.8329949975013733,-0.5069770216941833,0,0.06982199847698212,0.5321170091629028,0.8437870144844055,0,0,37.86662673950195,0,1,0.9447240233421326,0.0703509971499443,-0.32023099064826965,0,0.3168030083179474,0.05572599917650223,0.94685298204422,0,0.08445700258016586,-0.9959650039672852,0.030357999727129936,0,0,38.18062210083008,0,1,0.9999780058860779,0.006579999811947346,-0.00003199999991920777,0,-0.006513000000268221,0.9904760122299194,0.13753199577331543,0,0.0009369999752379954,-0.13752900063991547,0.9904969930648804,0,0,6.911966800689697,0,1
K0.033,0.9736581444740295,0.22432152926921844,-0.040864069014787674,0,-0.22673054039478302,0.9714901447296143,-0.06928807497024536,0,0.02415609173476696,0.07672807574272156,0.9967589974403381,0,-8.389333724975586,79.039794921875,-0.8855568170547485,1,0.9782940745353699,-0.198574498295784,-0.059240326285362244,0,0.20648464560508728,0.9100301861763,0.35945579409599304,0,-0.017467472702264786,-0.3638858497142792,0.9312800765037537,0,0,8.100197792053223,0.366813987493515,1,0.9985359907150269,-0.0480930395424366,-0.024753140285611153,0,0.05040505528450012,0.9933720231056213,0.1033029854297638,0,0.019620133563876152,-0.10439899563789368,0.994342029094696,0,0,9.459914207458496,0,1,0.9985740184783936,-0.04792603850364685,-0.023514138534665108,0,0.050119053572416306,0.9933339953422546,0.10380798578262329,0,0.01838313415646553,-0.10483898967504501,0.9943190217018127,0,0,10.811335563659668,0,1,0.9982399940490723,-0.05226707085967064,-0.028031926602125168,0,0.051454078406095505,0.9982540011405945,-0.029010890051722527,0,0.02949892356991768,0.0275178924202919,0.9991859793663025,0,0,12.162747383117676,0.000007000000096013537,1,0.9961159825325012,0.06073432415723801,-0.06374937295913696,0,-0.05944133177399635,0.9979899525642395,0.02199064940214157,0,0.06495644152164459,-0.018115684390068054,0.9977239966392517,0,0,9.444160461425781,10.524635314941406,1,0.2782267928123474,0.07838193327188492,-0.9573120474815369,0,0.9604480862617493,-0.010922147892415524,0.2782437801361084,0,0.011353823356330395,-0.9968640208244324,-0.0783199742436409,0,6.87578010559082,11.715486526489258,0.43346500396728516,1,0.9886289834976196,-0.09330026805400848,0.11792998015880585,0,-0.041379816830158234,0.5851699709892273,0.8098539710044861,0,-0.14456820487976074,-0.8055259585380554,0.5746549963951111,0,0,16.22838020324707,0,1,0.04787410795688629,0.9770489931106567,-0.20756599307060242,0,-0.9935910105705261,0.06788510084152222,0.09038098156452179,0,0.10239700973033905,0.20190799236297607,0.9740369915962219,0,0,64.05503845214844,0,1,-0.9697039723396301,0.16929076611995697,0.1761111170053482,0,0.06561966985464096,0.8749479651451111,-0.4797511696815491,0,-0.2353059947490692,-0.453660249710083,-0.8595488667488098,0,0,26.243467330932617,0,1,-0.5217829942703247,-0.5510479807853699,-0.651220977306366,0,0.5247870087623596,0.39450299739837646,-0.7542979717254639,0,0.6725630164146423,-0.7353330254554749,0.08333799988031387,0,-1.7301650047302246,-0.6162170171737671,0.7135099768638611,1,0.8669350147247314,0.48684099316596985,0.10681299865245819,0,-0.46855300664901733,0.8691200017929077,-0.15839199721813202,0,-0.16994500160217285,0.08726800233125687,0.98158198595047,0,-1.2127950191497803,1.0068730115890503,0,1,0.9408310055732727,0.3386619985103607,0.012051000259816647,0,-0.33567899465560913,0.9362390041351318,-0.10380999743938446,0,-0.046438999474048615,0.09362199902534485,0.9945240020751953,0,-1.5746129751205444,10.072534561157227,0,1,0.9096680283546448,-0.41483598947525024,0.02037999965250492,0,0.4072659909725189,0.8812900185585022,-0.23971499502658844,0,0.08148200064897537,0.2263610064983368,0.9706289768218994,0,-1.5197080373764038,-2.4508349895477295,-0.6456609964370728,1,0.9998840093612671,-0.015041000209748745,0.0022770001087337732,0,0.015153000131249428,0.9979619979858398,-0.06198300048708916,0,-0.0013409999664872885,0.06201000139117241,0.998075008392334,0,-0.3018909990787506,8.144187927246094,0,1,0.9985219836235046,-0.05432099848985672,0.0016830000095069408,0,0.054347001016139984,0.9980379939079285,-0.031074000522494316,0,0.000007999999979801942,0.031120000407099724,0.9995160102844238,0,0.20931699872016907,7.572286128997803,0,1,0.9161720275878906,-0.3985080122947693,-0.042667001485824585,0,0.3777430057525635,0.8941680192947388,-0.24036100506782532,0,0.1339379996061325,0.20409399271011353,0.9697449803352356,0,1.5197080373764038,4.697390079498291,-0.903007984161377,1,0.9965370297431946,-0.08310999721288681,0.0026809999253600836,0,0.083126001060009,0.9948840141296387,-0.057402998208999634,0,0.0021039999555796385,0.057427000254392624,0.9983469843864441,0,-0.028943000361323357,5.705953121185303,0,1,0.9996849894523621,-0.02507999911904335,0.00007300000288523734,0,0.025071000680327415,0.9992750287055969,-0.028667999431490898,0,0.0006459999713115394,0.028660999611020088,0.9995890259742737,0,-0.025913000106811523,5.316397190093994,0,1,0.3334539532661438,-0.10172297805547714,0.9372619986534119,0,-0.9284369945526123,0.13724200427532196,0.34520894289016724,0,-0.16374698281288147,-0.9853010177612305,-0.04867999255657196,0,-6.87578010559082,11.678140640258789,-0.39124399423599243,1,0.7878971695899963,0.35995009541511536,-0.4996546506881714,0,0.17746074497699738,0.6442438364028931,0.7439472079277039,0,0.5896828174591064,-0.6748231053352356,0.44372105598449707,0,0,16.228382110595703,0,1,0.3212779462337494,-0.9407070279121399,0.10886300355195999,0,0.9280340075492859,0.3356439471244812,0.16154201328754425,0,-0.18850301206111908,0.04912901297211647,0.9808430075645447,0,0,64.073486328125,0,1,0.8520179986953735,-0.3238280117511749,-0.41133999824523926,0,0.3602660298347473,0.932774007320404,0.011900999583303928,0,0.37983301281929016,-0.15833202004432678,0.911404013633728,0,0,26.222665786743164,0,1,0.9296830296516418,0.3233560025691986,0.17644000053405762,0,-0.3442220091819763,0.9331579804420471,0.10357800126075745,0,-0.13115400075912476,-0.15702900290489197,0.9788470268249512,0,-1.089985966682434,2.8507978916168213,-0.7035819888114929,1,0.9910439848899841,-0.11080600321292877,-0.07452599704265594,0,0.11225999891757965,0.993556022644043,0.015600999817252159,0,0.07231800258159637,-0.023826999589800835,0.9970970153808594,0,1.1414289474487305,2.2306079864501953,0,1,0.9618740081787109,-0.27311500906944275,-0.014391999691724777,0,0.2720000147819519,0.9607849717140198,-0.05392500013113022,0,0.028555000200867653,0.047954000532627106,0.9984409809112549,0,1.0272239446640015,9.40027904510498,0,1,0.9487879872322083,0.3153949975967407,0.018070999532938004,0,-0.3108629882335663,0.9422810077667236,-0.12438099831342697,0,-0.05625699833035469,0.11239399760961533,0.9920700192451477,0,0.58952397108078,3.464724063873291,-0.6157140135765076,1,0.9997749924659729,-0.021185999736189842,0.001032999949529767,0,0.021185999736189842,0.9997760057449341,0.000006000000212225132,0,-0.001032999949529767,0.000015999999959603883,0.9999989867210388,0,0.13688699901103973,8.667911529541016,0,1,0.9999759793281555,-0.006918999832123518,-0.0005869999877177179,0,0.006918999832123518,0.9999759793281555,-0.000007000000096013537,0,0.0005869999877177179,0.000003000000106112566,1,0,-0.04278400167822838,7.933143138885498,0,1,0.9499199986457825,0.30787399411201477,0.05353400111198425,0,-0.299578994512558,0.9459409713745117,-0.12429100275039673,0,-0.08890599757432938,0.10202900320291519,0.9908009767532349,0,-0.58952397108078,2.0204389095306396,-0.47873398661613464,1,0.9999960064888,-0.0029819998890161514,0.000097999996796716,0,0.0029819998890161514,0.9999960064888,0,0,-0.000097999996796716,0,1,0,0.02908100001513958,7.400238990783691,0,1,0.9999769926071167,-0.006785999983549118,-0.00022600000374950469,0,0.006785999983549118,0.9999769926071167,0,0,0.00022600000374950469,0,1,0,0.006484000012278557,6.839776992797852,0,1,-0.9454658031463623,-0.20398284494876862,0.253938764333725,0,0.31504252552986145,-0.7706779837608337,0.5538986921310425,0,0.08271943032741547,0.6036937236785889,0.7929132580757141,0,2.565671920776367,-4.170498847961426,0.20741300284862518,1,0.834566593170166,-0.546872615814209,0.06655240058898926,0,0.3544169068336487,0.44048434495925903,-0.8248406052589417,0,0.42176690697669983,0.7119714021682739,0.5614336729049683,0,0,38.209110260009766,0,1,0.4201100766658783,-0.059138551354408264,0.9055439829826355,0,-0.9062239527702332,-0.07968802750110626,0.41522109508514404,0,0.04760521277785301,-0.9950640201568604,-0.08707061409950256,0,0,39.770294189453125,0,1,0.9897770285606384,-0.14260801672935486,0.0019780078437179327,0,0.139056995511055,0.9680299758911133,0.2087610363960266,0,-0.03168501332402229,-0.20635202527046204,0.9779649972915649,0,0,5.343268871307373,0,1,-0.8670032024383545,0.4530906677246094,-0.20739784836769104,0,-0.48847660422325134,-0.8550382852554321,0.1740676462650299,0,-0.09846513718366623,0.2522265613079071,0.9626460671424866,0,-2.565671920776367,-4.170498847961426,-0.405021995306015,1,0.9732099771499634,0.13433487713336945,-0.18659304082393646,0,-0.21353593468666077,0.8289628624916077,-0.5169351696968079,0,0.08523605763912201,0.5429311990737915,0.8354408740997314,0,0,37.86662673950195,0,1,0.9427249431610107,0.10634539276361465,-0.31616395711898804,0,0.3155450224876404,0.02304862253367901,0.9486309885978699,0,0.10816925019025803,-0.9940619468688965,-0.011828484944999218,0,0,38.18062210083008,0,1,0.9999780058860779,0.006583999842405319,-0.00005000056989956647,0,-0.006515000015497208,0.9904680252075195,0.13759100437164307,0,0.0009550005779601634,-0.1375879943370819,0.9904890060424805,0,0,6.911966800689697,0,1
K0.067,0.9829858541488647,0.17736145853996277,-0.04776693135499954,0,-0.18065245449543,0.9805448651313782,-0.07679092884063721,0,0.03321691229939461,0.08411392569541931,0.9959020018577576,0,-7.965027332305908,78.68952941894531,-0.7666171789169312,1,0.9847829341888428,-0.14742450416088104,-0.09202167391777039,0,0.17019635438919067,0.9252198338508606,0.33911919593811035,0,0.03514548018574715,-0.34962114691734314,0.9362319111824036,0,0,8.100197792053223,0.366813987493515,1,0.9978910088539124,-0.05215395987033844,-0.038640860468149185,0,0.055842943489551544,0.9932659864425659,0.10150901228189468,0,0.0330868661403656,-0.10345301032066345,0.9940840005874634,0,0,9.459914207458496,0,1,0.9979580044746399,-0.051800962537527084,-0.03737586364150047,0,0.05538894608616829,0.9932019710540771,0.1023770123720169,0,0.03181886672973633,-0.10423801094293594,0.9940429925918579,0,0,10.811335563659668,0,1,0.9980120062828064,-0.05948492884635925,-0.020847070962190628,0,0.05911192670464516,0.998088002204895,-0.018044110387563705,0,0.02188107557594776,0.016776105388998985,0.9996200203895569,0,0,12.162747383117676,0.000007000000096013537,1,0.995648980140686,0.09317868202924728,-0.0008386252447962761,0,-0.09275367110967636,0.9918890595436096,0.08690334856510162,0,0.008928556926548481,-0.0864473208785057,0.9962159991264343,0,0,9.444160461425781,10.524635314941406,1,0.25805121660232544,0.07171706855297089,-0.9634659290313721,0,0.9661099314689636,-0.025727853178977966,0.2568442225456238,0,-0.006367824040353298,-0.9970930218696594,-0.07592602074146271,0,6.87578010559082,11.715486526489258,0.43346500396728516,1,0.9859539866447449,-0.1203487291932106,0.115804024040699,0,-0.02327118068933487,0.5876129865646362,0.8088080286979675,0,-0.16538679599761963,-0.8001420497894287,0.5765590071678162,0,0,16.22838020324707,0,1,0.05848589539527893,0.9766160249710083,-0.2068829983472824,0,-0.9929720163345337,0.07826989889144897,0.08876901119947433,0,0.10288599133491516,0.20023801922798157,0.9743300080299377,0,0,64.05503845214844,0,1,-0.9714149832725525,0.14478623867034912,0.18812088668346405,0,0.03251732885837555,0.8661540746688843,-0.4987178146839142,0,-0.23514899611473083,-0.47834476828575134,-0.8461041450500488,0,0,26.243467330932617,0,1,-0.5217829942703247,-0.5510470271110535,-0.651220977306366,0,0.5247870087623596,0.39450299739837646,-0.7542979717254639,0,0.6725630164146423,-0.7353330254554749,0.08333799988031387,0,-1.7301650047302246,-0.6162170171737671,0.7135099768638611,1,0.8669350147247314,0.48684099316596985,0.10681299865245819,0,-0.46855300664901733,0.8691200017929077,-0.15839199721813202,0,-0.16994500160217285,0.08726800233125687,0.98158198595047,0,-1.2127950191497803,1.0068730115890503,0,1,0.9408310055732727,0.3386619985103607,0.012051000259816647,0,-0.33567899465560913,0.9362390041351318,-0.10380999743938446,0,-0.046438999474048615,0.09362199902534485,0.9945240020751953,0,-1.5746129751205444,10.072534561157227,0,1,0.9096680283546448,-0.41483598947525024,0.02037999965250492,0,0.4072659909725189,0.8812900185585022,-0.23971499502658844,0,0.08148200064897537,0.2263610064983368,0.9706289768218994,0,-1.5197080373764038,-2.4508349895477295,-0.6456609964370728,1,0.9998840093612671,-0.015041000209748745,0.0022780001163482666,0,0.015154000371694565,0.9979619979858398,-0.06198300048708916,0,-0.0013409999664872885,0.0620109997689724,0.998075008392334,0,-0.3018909990787506,8.144187927246094,0,1,0.9985219836235046,-0.05432099848985672,0.0016830000095069408,0,0.054347001016139984,0.9980379939079285,-0.031074000522494316,0,0.000007999999979801942,0.031120000407099724,0.9995160102844238,0,0.20931699872016907,7.572286128997803,0,1,0.9161720275878906,-0.3985080122947693,-0.042667001485824585,0,0.3777430057525635,0.8941680192947388,-0.24036000669002533,0,0.13393700122833252,0.20409399271011353,0.9697459936141968,0,1.5197080373764038,4.697390079498291,-0.903007984161377,1,0.9965370297431946,-0.08310999721288681,0.0026809999253600836,0,0.08312699943780899,0.9948840141296387,-0.05740400031208992,0,0.0021039999555796385,0.05742799863219261,0.9983469843864441,0,-0.028943000361323357,5.705953121185303,0,1,0.9996849894523621,-0.02507999911904335,0.00007300000288523734,0,0.025071000680327415,0.9992750287055969,-0.028667999431490898,0,0.0006459999713115394,0.028660999611020088,0.9995890259742737,0,-0.025913000106811523,5.316397190093994,0,1,0.32641205191612244,-0.09964102506637573,0.9399610161781311,0,-0.9311119914054871,0.13732099533081055,0.33789604902267456,0,-0.16274501383304596,-0.9855020046234131,-0.0479540079832077,0,-6.87578010559082,11.678140640258789,-0.39124399423599243,1,0.8053568005561829,0.36841490864753723,-0.464403361082077,0,0.15213525295257568,0.6287241578102112,0.762600839138031,0,0.572935163974762,-0.6848188638687134,0.4502979516983032,0,0,16.228382110595703,0,1,0.31397905945777893,-0.9431740045547485,0.10881300270557404,0,0.9303650259971619,0.32849904894828796,0.16281798481941223,0,-0.1893099844455719,0.050114989280700684,0.9806380271911621,0,0,64.073486328125,0,1,0.8511059880256653,-0.325221985578537,-0.41212698817253113,0,0.3619399666786194,0.9321249723434448,0.011893999762833118,0,0.38028600811958313,-0.15928798913955688,0.9110490083694458,0,0,26.222665786743164,0,1,0.9296830296516418,0.3233549892902374,0.17644000053405762,0,-0.34422099590301514,0.9331579804420471,0.10357800126075745,0,-0.13115300238132477,-0.15702900290489197,0.9788470268249512,0,-1.089985966682434,2.8507978916168213,-0.7035819888114929,1,0.9910439848899841,-0.11080499738454819,-0.07452700287103653,0,0.11225900053977966,0.993556022644043,0.015600999817252159,0,0.07231800258159637,-0.023826999589800835,0.9970970153808594,0,1.1414289474487305,2.2306079864501953,0,1,0.9618740081787109,-0.27311500906944275,-0.014391999691724777,0,0.2720000147819519,0.9607849717140198,-0.05392500013113022,0,0.028555000200867653,0.047954000532627106,0.9984409809112549,0,1.0272239446640015,9.40027904510498,0,1,0.9487879872322083,0.3153960108757019,0.018069999292492867,0,-0.31086400151252747,0.9422810077667236,-0.12438099831342697,0,-0.05625699833035469,0.11239399760961533,0.9920700192451477,0,0.58952397108078,3.464724063873291,-0.6157140135765076,1,0.9997749924659729,-0.021185999736189842,0.001032999949529767,0,0.021185999736189842,0.9997760057449341,0.000006000000212225132,0,-0.001032999949529767,0.000015999999959603883,0.9999989867210388,0,0.13688699901103973,8.667911529541016,0,1,0.9999759793281555,-0.006918999832123518,-0.0005869999877177179,0,0.006918999832123518,0.9999759793281555,-0.000007000000096013537,0,0.0005869999877177179,0.000003000000106112566,1,0,-0.04278400167822838,7.933143138885498,0,1,0.9499199986457825,0.30787399411201477,0.05353400111198425,0,-0.29958000779151917,0.9459409713745117,-0.12429100275039673,0,-0.08890599757432938,0.10202900320291519,0.9908009767532349,0,-0.58952397108078,2.0204389095306396,-0.47873398661613464,1,0.9999960064888,-0.0029819998890161514,0.000097999996796716,0,0.0029819998890161514,0.9999960064888,0,0,-0.000097999996796716,0,1,0,0.02908100001513958,7.400238990783691,0,1,0.9999769926071167,-0.006785999983549118,-0.00022600000374950469,0,0.006785999983549118,0.9999769926071167,0,0,0.00022600000374950469,0,1,0,0.006484000012278557,6.839776992797852,0,1,-0.9292711615562439,-0.28814616799354553,0.23114322125911713,0,0.3684524595737457,-0.7677860260009766,0.5241643190383911,0,0.02643255889415741,0.5722553133964539,0.8196497559547424,0,2.565671920776367,-4.170498847961426,0.20741300284862518,1,0.7949464321136475,-0.6066424250602722,0.006730594672262669,0,0.4441591203212738,0.5743997097015381,-0.6875953674316406,0,0.4132590889930725,0.5495905876159668,0.7260624170303345,0,0,38.209110260009766,0,1,0.42787790298461914,-0.014514443464577198,0.9037200212478638,0,-0.9012200832366943,-0.0828709676861763,0.4253638982772827,0,0.06871779263019562,-0.9964550137519836,-0.048539385199546814,0,0,39.770294189453125,0,1,0.9896659851074219,-0.14336498081684113,0.0027759920340031385,0,0.13952599465847015,0.9672679901123047,0.2119559645652771,0,-0.033071983605623245,-0.20937897264957428,0.977275013923645,0,0,5.343268871307373,0,1,-0.8867108225822449,0.4202173352241516,-0.19277314841747284,0,-0.448513388633728,-0.8830307126045227,0.13817435503005981,0,-0.11216086894273758,0.2089824378490448,0.9714659452438354,0,-2.565671920776367,-4.170498847961426,-0.405021995306015,1,0.9738370180130005,0.12232411652803421,-0.1915159523487091,0,-0.20807506144046783,0.8187811374664307,-0.5350728034973145,0,0.09135793894529343,0.5609228014945984,0.8228121399879456,0,0,37.86662673950195,0,1,0.9380640387535095,0.14547161757946014,-0.31444302201271057,0,0.31983596086502075,-0.014683624729514122,0.947359025478363,0,0.13319674134254456,-0.989253044128418,-0.0603015199303627,0,0,38.18062210083008,0,1,0.9999780058860779,0.00659500015899539,-0.0001069994323188439,0,-0.006517999805510044,0.9904410243034363,0.1377830058336258,0,0.001014999463222921,-0.13777999579906464,0.9904620051383972,0,0,6.911966800689697,0,1
