5.333,30,159,49
B0,mixamorig_Hips,-1,0.9968261122703552,0.01330995187163353,0.07848197966814041,0,0.0029415751341730356,0.9790873527526855,-0.20341747999191284,0,-0.0795481875538826,0.20300281047821045,0.9759411811828613,0,-0.03015819750726223,5.226673603057861,0.03816143050789833,1
B1,mixamorig_Spine,0,0.9994327425956726,-0.010854619555175304,-0.03187879920005798,0,0.013868003152310848,0.9952961206436157,0.0958821251988411,0,0.03068750537931919,-0.09627001732587814,0.9948822855949402,0,0,0.5075240135192871,0.01730000041425228,1
B2,mixamorig_Spine1,1,0.9998888373374939,0.0024358502123504877,-0.014704208821058273,0,0.0005623268662020564,0.9796858429908752,0.20053665339946747,0,0.014894590713083744,-0.20052200555801392,0.9795755743980408,0,0,0.5924550294876099,0,1
B3,mixamorig_Spine2,2,0.9998928904533386,0.003059350186958909,-0.014317648485302925,0,0.0027619441971182823,0.9209539294242859,0.38966214656829834,0,0.014377295039594173,-0.3896595239639282,0.9208468198776245,0,0,0.6770910024642944,0,1
B4,mixamorig_Neck,3,0.9981183409690857,-0.060588739812374115,-0.009385183453559875,0,0.05466185882687569,0.9487080574035645,-0.3113819360733032,0,0.02777000144124031,0.31028327345848083,0.9502348899841309,0,0,0.7617279887199402,0,1
B5,mixamorig_Head,4,0.9988517761230469,-0.029732951894402504,0.03757127746939659,0,0.03108350932598114,0.9988713264465332,-0.03588937968015671,0,-0.036461926996707916,0.03701641410589218,0.998649001121521,0,0,0.4304009974002838,0.4590049982070923,1
B6,mixamorig_HeadTop_End,5,1,0,0,0,0,1,0,0,0,0,1,0,0,1.4514260292053223,1.5478880405426025,1
B7,mixamorig_LeftShoulder,3,-0.008516598492860794,0.0868927463889122,-0.996178150177002,0,0.9848297238349915,0.17337031662464142,0.006703275255858898,0,0.17329074442386627,-0.9810141324996948,-0.08705615997314453,0,0.47015199065208435,0.7040650248527527,0.03279099985957146,1
B8,mixamorig_LeftArm,7,0.9522130489349365,0.03232213109731674,0.3037083148956299,0,-0.30490994453430176,0.1582728922367096,0.9391350150108337,0,-0.01771252416074276,-0.9868648648262024,0.16056232154369354,0,0,0.8256480097770691,0,1
B9,mixamorig_LeftForeArm,8,0.6056817770004272,0.7951802611351013,-0.028466451913118362,0,-0.7950204610824585,0.6033185720443726,-0.0626160129904747,0,-0.03261980786919594,0.060556575655937195,0.9976317286491394,0,0,4.095059871673584,0,1
B10,mixamorig_LeftHand,9,-0.5820913910865784,0.34329721331596375,0.7370999455451965,0,0.4642847776412964,0.8845211863517761,-0.045310791581869125,0,-0.6675378680229187,0.3158497214317322,-0.6742580533027649,0,0,1.9464800357818604,0,1
B11,mixamorig_LeftHandThumb1,10,-0.7104458808898926,-0.5360620021820068,-0.4559659957885742,0,0.6424440145492554,-0.22952799499034882,-0.7311519980430603,0,0.28728508949279785,-0.8123760223388672,0.5074570178985596,0,-0.12967200577259064,-0.004681000020354986,0.04608999937772751,1
B12,mixamorig_LeftHandThumb2,11,0.7592989802360535,0.5653349757194519,0.3222750127315521,0,-0.29743701219558716,0.741989016532898,-0.6008189916610718,0,-0.5787889957427979,0.3603440821170807,0.7315430045127869,0,-0.08256500214338303,0.07292500138282776,0,1
B13,mixamorig_LeftHandThumb3,12,0.8335099816322327,0.5495110154151917,-0.057436998933553696,0,-0.5473831295967102,0.8071879744529724,-0.22095000743865967,0,-0.07505200058221817,0.2156040072441101,0.9735919833183289,0,-0.10254400223493576,0.661391019821167,0,1
B14,mixamorig_LeftHandThumb4,13,1,0,0,0,0,1,0,0,0,0,1,0,0.1851090043783188,0.7719190120697021,0,1
B15,mixamorig_LeftHandIndex1,10,0.734622597694397,-0.6507211327552795,-0.19207341969013214,0,0.6566576361656189,0.7531272172927856,-0.03998839855194092,0,0.17067734897136688,-0.09675014764070511,0.9805651307106018,0,-0.1567710041999817,-0.13281600177288055,-0.03998799994587898,1
B16,mixamorig_LeftHandIndex2,15,0.8528159260749817,-0.496558278799057,0.1616542488336563,0,0.49861475825309753,0.6822911500930786,-0.5346554517745972,0,0.15519440174102783,0.5365660190582275,0.8294631242752075,0,-0.017469000071287155,0.5395839810371399,0,1
B17,mixamorig_LeftHandIndex3,16,0.8751752972602844,-0.47041815519332886,0.11301644891500473,0,0.46689456701278687,0.7600027322769165,-0.452107310295105,0,0.1267896592617035,0.44843965768814087,0.884773313999176,0,0.012164000421762466,0.4992719888687134,0,1
B18,mixamorig_LeftHandIndex4,17,1,0,0,0,0,1,0,0,0,0,1,0,0.005303999874740839,0.4655170142650604,0,1
B19,mixamorig_LeftHandMiddle1,10,0.7863397598266602,-0.6173195838928223,-0.024225294589996338,0,0.5766972899436951,0.7475283145904541,-0.3295767605304718,0,0.22156305611133575,0.2451884150505066,0.9438183903694153,0,0.1567710041999817,0.2477020025253296,-0.05942400172352791,1
B20,mixamorig_LeftHandMiddle2,19,0.7967962622642517,-0.5769999027252197,0.17940929532051086,0,0.5784980058670044,0.6426873207092285,-0.5022866129875183,0,0.17451529204845428,0.5040085911750793,0.8458839654922485,0,-0.0019529999699443579,0.3832220137119293,0,1
B21,mixamorig_LeftHandMiddle3,20,0.8992960453033447,-0.4281787872314453,0.0890437662601471,0,0.42758479714393616,0.8180564641952515,-0.38464826345443726,0,0.09185576438903809,0.38398727774620056,0.9187583923339844,0,-0.0015869999770075083,0.35795900225639343,0,1
B22,mixamorig_LeftHandMiddle4,21,1,0,0,0,0,1,0,0,0,0,1,0,0.0035389999393373728,0.3209089934825897,0,1
B23,mixamorig_RightShoulder,3,-0.11625761538743973,-0.060014352202415466,0.991401731967926,0,-0.9763051867485046,0.19031545519828796,-0.10296688228845596,0,-0.1825007051229477,-0.9798857569694519,-0.08072052896022797,0,-0.47015199065208435,0.7019659876823425,-0.028788000345230103,1
B24,mixamorig_RightArm,23,0.9495436549186707,-0.07993434369564056,-0.303272008895874,0,0.31252962350845337,0.16020818054676056,0.9362998008728027,0,-0.02625722996890545,-0.9838405251502991,0.1771053522825241,0,0,0.8256480097770691,0,1
B25,mixamorig_RightForeArm,24,0.6420424580574036,-0.7661601305007935,-0.027482246980071068,0,0.7661071419715881,0.6398198008537292,0.060714367777109146,0,-0.028935307636857033,-0.06003525108098984,0.9977763295173645,0,0,4.095970153808594,0,1
B26,mixamorig_RightHand,25,0.9804223775863647,-0.0792105421423912,-0.18025481700897217,0,0.15036970376968384,0.8922403454780579,0.42577704787254333,0,0.12711025774478912,-0.44454649090766907,0.8866877555847168,0,0,1.9415810108184814,0,1
B27,mixamorig_RightHandThumb1,26,0.9684749841690063,0.1450619101524353,0.20251700282096863,0,-0.2105810046195984,0.9110509753227234,0.3544600009918213,0,-0.13308490812778473,-0.38593199849128723,0.9128770232200623,0,-0.06941299885511398,0.19356800615787506,-0.045239001512527466,1
B28,mixamorig_RightHandThumb2,27,0.8972340226173401,0.35534900426864624,-0.26210299134254456,0,-0.3902379870414734,0.9158890247344971,-0.09414099901914597,0,0.20660400390625,0.18674899637699127,0.960436999797821,0,0.07321099936962128,0.15170200169086456,0,1
B29,mixamorig_RightHandThumb3,28,0.9992669820785522,-0.03826399892568588,-0.0011030000168830156,0,0.03631100058555603,0.9565960168838501,-0.2891469895839691,0,0.012118999846279621,0.28889501094818115,0.9572839736938477,0,0.05226999893784523,0.6198980212211609,0,1
B30,mixamorig_RightHandThumb4,29,1,0,0,0,0,1,0,0,0,0,1,0,-0.1254809945821762,0.7048349976539612,0,1
B31,mixamorig_RightHandIndex1,26,0.9615257382392883,0.08046124875545502,0.2626684904098511,0,-0.04445389658212662,0.98911452293396,-0.14025963842868805,0,-0.2710939049720764,0.12318719923496246,0.9546357989311218,0,0.032423000782728195,0.23992100358009338,-0.039709001779556274,1
B32,mixamorig_RightHandIndex2,31,0.9960439205169678,0.08142343163490295,0.03559528663754463,0,-0.08420907706022263,0.736910343170166,0.6707227230072021,0,0.028382286429405212,-0.6710672378540039,0.7408513426780701,0,0.008605999872088432,0.5635939836502075,0,1
B33,mixamorig_RightHandIndex3,32,0.9978286623954773,0.06494211405515671,0.010998674668371677,0,-0.0630684345960617,0.8938624262809753,0.44388216733932495,0,0.018995115533471107,-0.44361233711242676,0.8960176110267639,0,-0.0035429999697953463,0.5197169780731201,0,1
B34,mixamorig_RightHandIndex4,33,1,0,0,0,0,1,0,0,0,0,1,0,-0.00506300013512373,0.5008389949798584,0,1
B35,mixamorig_RightHandMiddle1,26,0.9588954448699951,0.2822323739528656,0.029390381649136543,0,-0.2816310524940491,0.9592445492744446,-0.02296825498342514,0,-0.03467327356338501,0.013746456243097782,0.9993008971214294,0,-0.032423000782728195,0.15070399641990662,-0.03167499974370003,1
B36,mixamorig_RightHandMiddle2,35,0.9962669610977173,0.08007993549108505,0.03222498670220375,0,-0.08138463646173477,0.7469596266746521,0.6598652601242065,0,0.02877146191895008,-0.6600250005722046,0.7506886720657349,0,0.0020490000024437904,0.4897159934043884,0,1
B37,mixamorig_RightHandMiddle3,36,0.9992190599441528,0.039047904312610626,0.006055998150259256,0,-0.03860343620181084,0.931925892829895,0.36058738827705383,0,0.008436026982963085,-0.36054039001464844,0.9327048063278198,0,0.0004440000047907233,0.4518350064754486,0,1
B38,mixamorig_RightHandMiddle4,37,1,0,0,0,0,1,0,0,0,0,1,0,-0.002492999890819192,0.4038020074367523,0,1
B39,mixamorig_LeftUpLeg,0,-0.9359045028686523,-0.2617042660713196,0.23577821254730225,0,0.2834467887878418,-0.9569167494773865,0.06298573315143585,0,0.20913706719875336,0.12577982246875763,0.9697631001472473,0,0.48764899373054504,-0.3195039927959442,0.003722999943420291,1
B40,mixamorig_LeftLeg,39,0.9390296936035156,-0.26398012042045593,-0.22029684484004974,0,0.10289834439754486,0.8271190524101257,-0.5525224804878235,0,0.32806622982025146,0.4961664080619812,0.8038583397865295,0,0,2.3406128883361816,0,1
B41,mixamorig_LeftFoot,40,0.6645998358726501,-0.35398438572883606,0.6580275893211365,0,-0.6536602973937988,0.15120361745357513,0.741529643535614,0,-0.36198657751083374,-0.9229469895362854,-0.13089565932750702,0,0,2.7173449993133545,0,1
B42,mixamorig_LeftToeBase,41,0.9721360206604004,-0.23441709578037262,0,0,0.23020008206367493,0.9546489715576172,0.1888210028409958,0,-0.044263001531362534,-0.18355999886989594,0.9820119142532349,0,0,0.3666679859161377,0,1
B43,mixamorig_LeftToe_End,42,1,0,0,0,0,1,0,0,0,0,1,0,0,0.309237003326416,0,1
B44,mixamorig_RightUpLeg,0,-0.9535945057868958,0.21912544965744019,-0.20650020241737366,0,-0.22193992137908936,-0.9750117659568787,-0.009730433113873005,0,-0.20347250998020172,0.036551568657159805,0.978398323059082,0,-0.48764899373054504,-0.3195039927959442,-0.005078000016510487,1
B45,mixamorig_RightLeg,44,0.987230122089386,0.1322934776544571,0.08874095231294632,0,-0.0964616909623146,0.9397779703140259,-0.3278892934322357,0,-0.12677457928657532,0.31514236330986023,0.9405387043952942,0,0,2.3037970066070557,0,1
B46,mixamorig_RightFoot,45,0.9633135199546814,0.08792974799871445,-0.2535652816295624,0,0.24870982766151428,0.06254322826862335,0.9665561318397522,0,0.10084771364927292,-0.9941608309745789,0.038379911333322525,0,0,2.5493650436401367,0,1
B47,mixamorig_RightToeBase,46,0.9965050220489502,-0.08350364863872528,-0.00230091018602252,0,0.0835031196475029,0.994961678981781,0.05548232048749924,0,-0.0023436187766492367,-0.055480699986219406,0.9984566569328308,0,0,0.7431719899177551,0,1
B48,mixamorig_RightToe_End,47,1,0,0,0,0,1,0,0,0,0,1,0,0,0.29215800762176514,0,1
@40,0,1,2,3,4,5,7,8,9,10,11,12,13,15,16,17,19,20,21,23,24,25,26,27,28,29,31,32,33,35,36,37,39,40,41,42,44,45,46,47
K0.000,0.9972599744796753,0.018952999264001846,0.0715079978108406,0,-0.003837999887764454,0.9785770177841187,-0.2058439999818802,0,-0.0738769993185997,0.2050050050020218,0.9759690165519714,0,-0.016301000490784645,5.196022033691406,-0.023406000807881355,1,0.999459981918335,-0.01488099992275238,-0.02928600087761879,0,0.018358999863266945,0.9923189878463745,0.12233199924230576,0,0.027241000905632973,-0.12280400097370148,0.9920570254325867,0,0,0.5075240135192871,0.01730000041425228,1,0.9999300241470337,-0.0014359999913722277,-0.011753000319004059,0,0.004015000071376562,0.9749159812927246,0.2225389927625656,0,0.011138999834656715,-0.22257100045681,0.974852979183197,0,0,0.5924550294876099,0,1,0.9999380111694336,-0.0011129999766126275,-0.011118999682366848,0,0.005535999778658152,0.9136800169944763,0.4063979983329773,0,0.009707000106573105,-0.40643399953842163,0.9136289954185486,0,0,0.6770910024642944,0,1,0.9977909922599792,-0.06503699719905853,-0.013503000140190125,0,0.05766800045967102,0.949051022529602,-0.3097989857196808,0,0.03296399861574173,0.30833700299263,0.9507060050964355,0,0,0.7617279887199402,0,1,0.9994879961013794,0.004660000093281269,0.03165699914097786,0,0.00165200000628829,0.9805070161819458,-0.1964769959449768,0,-0.03195599839091301,0.19642899930477142,0.9799969792366028,0,0,0.4304009974002838,0.4590049982070923,1,0.034912001341581345,0.0942159965634346,-0.9949390292167664,0,0.993287980556488,0.10657600313425064,0.04494599997997284,0,0.11027099937200546,-0.9898309707641602,-0.08986300230026245,0,0.47015199065208435,0.7040650248527527,0.03279099985957146,1,0.887703001499176,-0.023639999330043793,0.4598099887371063,0,-0.44725900888442993,0.19277100265026093,0.8733829855918884,0,-0.10928499698638916,-0.9809589982032776,0.16054999828338623,0,0,0.8256480097770691,0,1,0.7818959951400757,0.6232380270957947,-0.014587000012397766,0,-0.6231129765510559,0.7805899977684021,-0.049077000468969345,0,-0.019200000911951065,0.04746200144290924,0.9986879825592041,0,0,4.095059871673584,0,1,-0.6295989751815796,0.40953901410102844,0.6602140069007874,0,0.3204819858074188,0.9110180139541626,-0.25949499011039734,0,-0.7077400088310242,0.04820900037884712,-0.7048259973526001,0,0,1.9464800357818604,0,1,-0.7104460000991821,-0.5360620021820068,-0.4559659957885742,0,0.6424440145492554,-0.22952799499034882,-0.7311519980430603,0,0.28728601336479187,-0.8123760223388672,0.5074570178985596,0,-0.12967200577259064,-0.004681000020354986,0.04608999937772751,1,0.7592989802360535,0.5653349757194519,0.3222750127315521,0,-0.29743701219558716,0.741989016532898,-0.6008189916610718,0,-0.5787889957427979,0.3603439927101135,0.7315430045127869,0,-0.08256500214338303,0.07292500138282776,0,1,0.8335099816322327,0.5495110154151917,-0.057436998933553696,0,-0.5473830103874207,0.8071879744529724,-0.22095000743865967,0,-0.07505200058221817,0.2156040072441101,0.9735919833183289,0,-0.10254400223493576,0.661391019821167,0,1,0.7934250235557556,-0.5770419836044312,-0.19364799559116364,0,0.5977270007133484,0.7987290024757385,0.0689459964632988,0,0.11488699913024902,-0.17045199871063232,0.9786450266838074,0,-0.1567710041999817,-0.13281600177288055,-0.03998799994587898,1,0.9403240084648132,-0.3328689932823181,0.07063499838113785,0,0.3339790105819702,0.8630470037460327,-0.37895700335502625,0,0.06518100202083588,0.3799329996109009,0.9227150082588196,0,-0.017469000071287155,0.5395839810371399,0,1,0.9547250270843506,-0.29492300748825073,0.03900200128555298,0,0.2938520014286041,0.914463996887207,-0.2782210111618042,0,0.04638800024986267,0.2770859897136688,0.959725022315979,0,0.012164000421762466,0.4992719888687134,0,1,0.8430420160293579,-0.535090982913971,-0.054382000118494034,0,0.5094209909439087,0.8268290162086487,-0.23841899633407593,0,0.17253999412059784,0.17329399287700653,0.969639003276825,0,0.1567710041999817,0.2477020025253296,-0.05942400172352791,1,0.9107459783554077,-0.405241996049881,0.0794999971985817,0,0.40590301156044006,0.8429700136184692,-0.35304901003837585,0,0.07605399936437607,0.3538070023059845,0.932220995426178,0,-0.0019529999699443579,0.3832220137119293,0,1,0.9747170209884644,-0.22229300439357758,0.022630000486969948,0,0.22211499512195587,0.9529190063476562,-0.20642200112342834,0,0.02432199940085411,0.20622999966144562,0.9782009720802307,0,-0.0015869999770075083,0.35795900225639343,0,1,-0.08576100319623947,-0.07482700049877167,0.9935020208358765,0,-0.985509991645813,0.1528339982032776,-0.07355999946594238,0,-0.14633700251579285,-0.985414981842041,-0.08685000240802765,0,-0.47015199065208435,0.7019659876823425,-0.028788000345230103,1,0.8876270055770874,-0.028906000778079033,-0.4596560001373291,0,0.4592739939689636,0.13018399477005005,0.8787029981613159,0,0.03443999961018562,-0.9910680055618286,0.12883000075817108,0,0,0.8256480097770691,0,1,0.8097389936447144,-0.5866180062294006,-0.014192000031471252,0,0.5865769982337952,0.8085579872131348,0.04648600146174431,0,-0.01579499989748001,-0.045965999364852905,0.9988179802894592,0,0,4.095970153808594,0,1,0.9699400067329407,-0.2418929934501648,0.026520000770688057,0,0.2154410034418106,0.9042829871177673,0.36858999729156494,0,-0.1131410002708435,-0.3517960011959076,0.9292140007019043,0,0,1.9415810108184814,0,1,0.9684749841690063,0.14506199955940247,0.20251700282096863,0,-0.2105810046195984,0.9110509753227234,0.3544600009918213,0,-0.1330849975347519,-0.38593199849128723,0.9128770232200623,0,-0.06941299885511398,0.19356800615787506,-0.045239001512527466,1,0.8972340226173401,0.35534900426864624,-0.26210200786590576,0,-0.3902379870414734,0.9158890247344971,-0.09414099901914597,0,0.20660400390625,0.18674899637699127,0.960436999797821,0,0.07321099936962128,0.15170200169086456,0,1,0.9992669820785522,-0.03826399892568588,-0.0011030000168830156,0,0.03631100058555603,0.9565960168838501,-0.2891469895839691,0,0.012118999846279621,0.28889501094818115,0.9572839736938477,0,0.05226999893784523,0.6198980212211609,0,1,0.9624260067939758,0.049584999680519104,0.26697999238967896,0,0.040803998708724976,0.9456149935722351,-0.322719007730484,0,-0.26846200227737427,0.3214870095252991,0.9080610275268555,0,0.032423000782728195,0.23992100358009338,-0.039709001779556274,1,0.9980030059814453,0.059728000313043594,0.020563999190926552,0,-0.06149600073695183,0.8442569971084595,0.5323989987373352,0,0.014437999576330185,-0.5325999855995178,0.8462439775466919,0,0.008605999872088432,0.5635939836502075,0,1,0.9983569979667664,0.05675699934363365,0.007872999645769596,0,-0.05530500039458275,0.9185029864311218,0.39152801036834717,0,0.014991000294685364,-0.39131999015808105,0.9201319813728333,0,-0.0035429999697953463,0.5197169780731201,0,1,0.9651430249214172,0.25984299182891846,0.0313120000064373,0,-0.24823400378227234,0.9467399716377258,-0.20509099960327148,0,-0.08293599635362625,0.19016900658607483,0.9782419800758362,0,-0.032423000782728195,0.15070399641990662,-0.03167499974370003,1,0.997730016708374,0.06424900144338608,0.02016099914908409,0,-0.06507200002670288,0.8428980112075806,0.5341240167617798,0,0.017323000356554985,-0.5342239737510681,0.845166027545929,0,0.0020490000024437904,0.4897159934043884,0,1,0.999455988407135,0.0327179990708828,0.004137999843806028,0,-0.03237900137901306,0.9496909976005554,0.31150999665260315,0,0.006262000184506178,-0.3114739954471588,0.9502339959144592,0,0.0004440000047907233,0.4518350064754486,0,1,-0.8939440250396729,-0.3376609981060028,0.2947010099887848,0,0.3649339973926544,-0.9301180243492126,0.041283998638391495,0,0.2601670026779175,0.14445200562477112,0.9546970129013062,0,0.48764899373054504,-0.3195039927959442,0.003722999943420291,1,0.8751649856567383,-0.4203900098800659,-0.23949499428272247,0,0.23725299537181854,0.8042920231819153,-0.5448160171508789,0,0.42166000604629517,0.41998299956321716,0.8036280274391174,0,0,2.3406128883361816,0,1,0.6869450211524963,-0.2669380009174347,0.6759070158004761,0,-0.667959988117218,0.13442100584506989,0.7319560050964355,0,-0.2862429916858673,-0.9542930126190186,-0.08596400171518326,0,0,2.7173449993133545,0,1,0.9721360206604004,-0.23441700637340546,0,0,0.23020100593566895,0.9546489715576172,0.18882200121879578,0,-0.044263001531362534,-0.18355999886989594,0.9820110201835632,0,0,0.3666679859161377,0,1,-0.9446460008621216,0.23897400498390198,-0.22480100393295288,0,-0.251240998506546,-0.9675419926643372,0.027208000421524048,0,-0.21100200712680817,0.08218099921941757,0.9740250110626221,0,-0.48764899373054504,-0.3195039927959442,-0.005078000016510487,1,0.9826369881629944,0.1624159961938858,0.08969300240278244,0,-0.11629600077867508,0.9158449769020081,-0.384321004152298,0,-0.14456500113010406,0.3672179877758026,0.918832004070282,0,0,2.3037970066070557,0,1,0.9644010066986084,0.08352500200271606,-0.25090599060058594,0,0.24728700518608093,0.05133900046348572,0.9675809741020203,0,0.09369900077581406,-0.9951819777488708,0.028857000172138214,0,0,2.5493650436401367,0,1,0.9964960217475891,-0.08355599641799927,-0.003710000077262521,0,0.08362799882888794,0.9946929812431335,0.05993499979376793,0,-0.0013170000165700912,-0.06003500148653984,0.9981949925422668,0,0,0.7431719899177551,0,1
K0.033,0.9972580075263977,0.019220005720853806,0.07146699726581573,0,-0.004099004901945591,0.9785500168800354,-0.2059680074453354,0,-0.07389199733734131,0.20511099696159363,0.975944995880127,0,-0.016996003687381744,5.196615219116211,-0.02294398844242096,1,0.9994210004806519,-0.015063004568219185,-0.030494017526507378,0,0.018695006147027016,0.9922839999198914,0.12256599962711334,0,0.028413014486432076,-0.12306500226259232,0.9919919967651367,0,0,0.5075240135192871,0.01730000041425228,1,0.9999210238456726,-0.0016040023183450103,-0.012473010458052158,0,0.004339004401117563,0.9749360084533691,0.22244399785995483,0,0.011803009547293186,-0.22247999906539917,0.9748659729957581,0,0,0.5924550294876099,0,1,0.9999300241470337,-0.0012900021392852068,-0.011733008548617363,0,0.005947005469352007,0.9137099981307983,0.40632200241088867,0,0.010197007097303867,-0.40636399388313293,0.9136540293693542,0,0,0.6770910024642944,0,1,0.9978529810905457,-0.06413999199867249,-0.013210989534854889,0,0.05699199438095093,0.9499319791793823,-0.30721497535705566,0,0.03225398436188698,0.30580195784568787,0.9515489935874939,0,0,0.7617279887199402,0,1,0.9994480013847351,0.005822011735290289,0.032697051763534546,0,0.0006459977012127638,0.980925977230072,-0.1943819671869278,0,-0.033205050975084305,0.1942959725856781,0.9803810119628906,0,0,0.4304009974002838,0.4590049982070923,1,0.043825119733810425,0.09419400244951248,-0.9945889711380005,0,0.9933249950408936,0.10221793502569199,0.05345011502504349,0,0.10669995099306107,-0.9902920126914978,-0.08908599615097046,0,0.47015199065208435,0.7040650248527527,0.03279099985957146,1,0.8872290253639221,-0.02634003944694996,0.46057701110839844,0,-0.44709399342536926,0.19700707495212555,0.8725219964981079,0,-0.11371906846761703,-0.9800480008125305,0.16301403939723969,0,0,0.8256480097770691,0,1,0.787104070186615,0.6166579127311707,-0.014176995493471622,0,-0.6165339350700378,0.7858300805091858,-0.04855899140238762,0,-0.018803995102643967,0.046960990875959396,0.9987199902534485,0,0,4.095059871673584,0,1,-0.632779061794281,0.41060301661491394,0.6565019488334656,0,0.3205919861793518,0.910673975944519,-0.26056504249572754,0,-0.7048479318618774,0.04558894410729408,-0.7078920602798462,0,0,1.9464800357818604,0,1,-0.7104460000991821,-0.5360620021820068,-0.4559659957885742,0,0.6424440145492554,-0.22952799499034882,-0.7311519980430603,0,0.28728601336479187,-0.8123760223388672,0.5074570178985596,0,-0.12967200577259064,-0.004681000020354986,0.04608999937772751,1,0.7592989802360535,0.5653349757194519,0.3222750127315521,0,-0.29743701219558716,0.741989016532898,-0.6008189916610718,0,-0.5787889957427979,0.3603439927101135,0.7315430045127869,0,-0.08256500214338303,0.07292500138282776,0,1,0.8335099816322327,0.5495110154151917,-0.057436998933553696,0,-0.5473840236663818,0.8071879744529724,-0.22095000743865967,0,-0.07505200058221817,0.2156040072441101,0.9735919833183289,0,-0.10254400223493576,0.661391019821167,0,1,0.7923889756202698,-0.5784419775009155,-0.19370999932289124,0,0.5989109873771667,0.7980139851570129,0.06693296134471893,0,0.11586601287126541,-0.16905197501182556,0.9787729978561401,0,-0.1567710041999817,-0.13281600177288055,-0.03998799994587898,1,0.9390310049057007,-0.3362080454826355,0.07201002538204193,0,0.3373350501060486,0.8603249192237854,-0.3821600675582886,0,0.06653402000665665,0.3831520676612854,0.9212859869003296,0,-0.017469000071287155,0.5395839810371399,0,1,0.953590989112854,-0.2984330654144287,0.040033020079135895,0,0.2973290681838989,0.9122739434242249,-0.28169307112693787,0,0.047545019537210464,0.28052306175231934,0.9586690068244934,0,0.012164000421762466,0.4992719888687134,0,1,0.8423929810523987,-0.5361440181732178,-0.05407099425792694,0,0.5103039741516113,0.825954020023346,-0.23956401646137238,0,0.173101007938385,0.17421402037143707,0.9693740010261536,0,0.1567710041999817,0.2477020025253296,-0.05942400172352791,1,0.909604012966156,-0.40760302543640137,0.08050501346588135,0,0.40827202796936035,0.8409619331359863,-0.3551010191440582,0,0.07703901827335358,0.35586902499198914,0.9313549995422363,0,-0.0019529999699443579,0.3832220137119293,0,1,0.9740890264511108,-0.22497405111789703,0.02318701148033142,0,0.2247910499572754,0.9517850279808044,-0.2087460458278656,0,0.024893011897802353,0.20855005085468292,0.9776949882507324,0,-0.0015869999770075083,0.35795900225639343,0,1,-0.07495085895061493,-0.07648301869630814,0.9942499995231628,0,-0.9867860078811646,0.1493239551782608,-0.06290186196565628,0,-0.1436539590358734,-0.9858260154724121,-0.08666499704122543,0,-0.47015199065208435,0.7019659876823425,-0.028788000345230103,1,0.8885110020637512,-0.023405931890010834,-0.45825695991516113,0,0.45702797174453735,0.1341610699892044,0.8792759776115417,0,0.0409000925719738,-0.9906830191612244,0.1299000382423401,0,0,0.8256480097770691,0,1,0.8132690191268921,-0.5817219614982605,-0.013911997899413109,0,0.5816819667816162,0.8121089935302734,0.046098995953798294,0,-0.01551899779587984,-0.04558299481868744,0.9988399744033813,0,0,4.095970153808594,0,1,0.970291018486023,-0.24124999344348907,0.018262848258018494,0,0.2192750722169876,0.908784031867981,0.3550087809562683,0,-0.10224280506372452,-0.3404568135738373,0.9346850514411926,0,0,1.9415810108184814,0,1,0.9684749841690063,0.14506199955940247,0.20251700282096863,0,-0.2105810046195984,0.9110509753227234,0.3544600009918213,0,-0.1330839991569519,-0.38593199849128723,0.9128770232200623,0,-0.06941299885511398,0.19356800615787506,-0.045239001512527466,1,0.8972340226173401,0.35534900426864624,-0.26210299134254456,0,-0.3902379870414734,0.9158880114555359,-0.09414099901914597,0,0.20660400390625,0.18674899637699127,0.960436999797821,0,0.07321099936962128,0.15170200169086456,0,1,0.9992669820785522,-0.03826399892568588,-0.0011030000168830156,0,0.03631100058555603,0.9565960168838501,-0.2891469895839691,0,0.012118999846279621,0.28889501094818115,0.9572839736938477,0,0.05226999893784523,0.6198980212211609,0,1,0.962427020072937,0.049709003418684006,0.2669509947299957,0,0.040457986295223236,0.9458760023117065,-0.32199496030807495,0,-0.26850900053977966,0.32069697976112366,0.9083260297775269,0,0.032423000782728195,0.23992100358009338,-0.039709001779556274,1,0.9979959726333618,0.05982200428843498,0.020617002621293068,0,-0.061594001948833466,0.8438699841499329,0.5329999923706055,0,0.014487002044916153,-0.5332019925117493,0.8458639979362488,0,0.008605999872088432,0.5635939836502075,0,1,0.998354971408844,0.056791000068187714,0.007885000668466091,0,-0.055337000638246536,0.9184079766273499,0.391745001077652,0,0.015006001107394695,-0.39153701066970825,0.9200400114059448,0,-0.0035429999697953463,0.5197169780731201,0,1,0.9651529788970947,0.2598060071468353,0.0313199982047081,0,-0.24817200005054474,0.9466930031776428,-0.2053869664669037,0,-0.08301099389791489,0.19045697152614594,0.9781799912452698,0,-0.032423000782728195,0.15070399641990662,-0.03167499974370003,1,0.9977319836616516,0.06422200053930283,0.02014300227165222,0,-0.06504400074481964,0.8430389761924744,0.533905029296875,0,0.01730700209736824,-0.5340049862861633,0.845304012298584,0,0.0020490000024437904,0.4897159934043884,0,1,0.999455988407135,0.032708000391721725,0.004135000519454479,0,-0.03236899897456169,0.9497179985046387,0.3114289939403534,0,0.0062590003944933414,-0.31139299273490906,0.9502609968185425,0,0.0004440000047907233,0.4518350064754486,0,1,-0.8952929973602295,-0.33535096049308777,0.2932419776916504,0,0.36258596181869507,-0.9309880137443542,0.042331013828516006,0,0.258808970451355,0.14422400295734406,0.9551010131835938,0,0.48764899373054504,-0.3195039927959442,0.003722999943420291,1,0.8770990371704102,-0.4166269302368164,-0.2389959841966629,0,0.2337179332971573,0.8049139976501465,-0.5454260110855103,0,0.4196099638938904,0.4225350320339203,0.803363025188446,0,0,2.3406128883361816,0,1,0.6866009831428528,-0.2691900432109833,0.6753630042076111,0,-0.6674889922142029,0.134784996509552,0.7323189973831177,0,-0.2881620228290558,-0.9536089897155762,-0.08713801950216293,0,0,2.7173449993133545,0,1,0.9721360206604004,-0.23441700637340546,0,0,0.23020100593566895,0.9546489715576172,0.1888210028409958,0,-0.044263001531362534,-0.18355999886989594,0.9820110201835632,0,0,0.3666679859161377,0,1,-0.9449809789657593,0.2382649928331375,-0.22414597868919373,0,-0.25043100118637085,-0.9677559733390808,0.027079997584223747,0,-0.21046598255634308,0.08172298967838287,0.9741790294647217,0,-0.48764899373054504,-0.3195039927959442,-0.005078000016510487,1,0.9830139875411987,0.16050197184085846,0.08901198953390121,0,-0.1148119792342186,0.9161540269851685,-0.3840320110321045,0,-0.14318598806858063,0.3672890067100525,0.9190189838409424,0,0,2.3037970066070557,0,1,0.9643480181694031,0.08442401140928268,-0.2508080005645752,0,0.2471199929714203,0.05178600922226906,0.9675999879837036,0,0.09467701613903046,-0.9950829744338989,0.02907700650393963,0,0,2.5493650436401367,0,1,0.9964960217475891,-0.08355899900197983,-0.003784000873565674,0,0.08363500237464905,0.9946780204772949,0.060169003903865814,0,-0.0012629993725568056,-0.06027500331401825,0.9981809854507446,0,0,0.7431719899177551,0,1
K0.067,0.9972280263900757,0.019812993705272675,0.07171899825334549,0,-0.004628994967788458,0.9785469770431519,-0.20597200095653534,0,-0.07426100224256516,0.20506900548934937,0.9759259819984436,0,-0.017452996224164963,5.1977009773254395,-0.021871011704206467,1,0.9993630051612854,-0.015509995631873608,-0.0321279838681221,0,0.01934499479830265,0.9922549724578857,0.12270300090312958,0,0.02997598424553871,-0.12324699759483337,0.9919229745864868,0,0,0.5075240135192871,0.01730000041425228,1,0.9999079704284668,-0.0018309977604076266,-0.013459989801049232,0,0.004774995613843203,0.9749979972839355,0.22216099500656128,0,0.012715990655124187,-0.2222049981355667,0.9749169945716858,0,0,0.5924550294876099,0,1,0.9999189972877502,-0.00150499795563519,-0.012604991905391216,0,0.006493994500488043,0.9138180017471313,0.4060730040073395,0,0.010907992720603943,-0.40612199902534485,0.9137539863586426,0,0,0.6770910024642944,0,1,0.9979349970817566,-0.06306800991296768,-0.012178010307252407,0,0.05638200789690018,0.9509029984474182,-0.30431002378463745,0,0.030773015692830086,0.3029950261116028,0.9524949789047241,0,0,0.7617279887199402,0,1,0.9992570281028748,0.006973988376557827,0.03791794925928116,0,0.0004210022452753037,0.9814730286598206,-0.1916000247001648,0,-0.03855094686150551,0.19147303700447083,0.9807400107383728,0,0,0.4304009974002838,0.4590049982070923,1,0.055906880646944046,0.0941620022058487,-0.9939860105514526,0,0.9933009743690491,0.0955880656838417,0.06492388993501663,0,0.10112705081701279,-0.9909570217132568,-0.08818800747394562,0,0.47015199065208435,0.7040650248527527,0.03279099985957146,1,0.8868229985237122,-0.03024796023964882,0.46111801266670227,0,-0.4460979998111725,0.204354926943779,0.8713409900665283,0,-0.12058793008327484,-0.9784290194511414,0.16773295402526855,0,0,0.8256480097770691,0,1,0.7932829260826111,0.6086990833282471,-0.01369000505656004,0,-0.6085770726203918,0.7920459508895874,-0.04793200641870499,0,-0.018333004787564278,0.04635500907897949,0.998757004737854,0,0,4.095059871673584,0,1,-0.6387429237365723,0.4127409756183624,0.6493470668792725,0,0.3203989863395691,0.9099739789962769,-0.2632349729537964,0,-0.6995370388031006,0.03991105407476425,-0.7134809494018555,0,0,1.9464800357818604,0,1,-0.7104460000991821,-0.5360620021820068,-0.4559650123119354,0,0.6424440145492554,-0.2295289933681488,-0.7311519980430603,0,0.2872850000858307,-0.8123760223388672,0.5074570178985596,0,-0.12967200577259064,-0.004681000020354986,0.04608999937772751,1,0.7592989802360535,0.5653349757194519,0.3222750127315521,0,-0.29743701219558716,0.741989016532898,-0.6008189916610718,0,-0.5787889957427979,0.3603450059890747,0.7315430045127869,0,-0.08256500214338303,0.07292500138282776,0,1,0.8335099816322327,0.5495110154151917,-0.057436998933553696,0,-0.5473830103874207,0.8071879744529724,-0.22095000743865967,0,-0.07505200058221817,0.2156040072441101,0.9735919833183289,0,-0.10254400223493576,0.661391019821167,0,1,0.7906489968299866,-0.5807859897613525,-0.19380900263786316,0,0.6008870005607605,0.7968029975891113,0.06356403231620789,0,0.11751098185777664,-0.16671402752399445,0.9789779782295227,0,-0.1567710041999817,-0.13281600177288055,-0.03998799994587898,1,0.9368360042572021,-0.3417789340019226,0.07433898001909256,0,0.34293094277381897,0.855711042881012,-0.38750094175338745,0,0.06882698088884354,0.38851794600486755,0.9188669919967651,0,-0.017469000071287155,0.5395839810371399,0,1,0.951662003993988,-0.3042919337749481,0.041789982467889786,0,0.30313095450401306,0.9085490703582764,-0.2874889373779297,0,0.04951298236846924,0.2862599492073059,0.9568719863891602,0,0.012164000421762466,0.4992719888687134,0,1,0.8412060141563416,-0.5380610227584839,-0.053501006215810776,0,0.5119100213050842,0.8243510127067566,-0.24164898693561554,0,0.17412598431110382,0.17588898539543152,0.968887984752655,0,0.1567710041999817,0.2477020025253296,-0.05942400172352791,1,0.9075040221214294,-0.41189196705818176,0.08235098421573639,0,0.41257697343826294,0.8372710347175598,-0.35882896184921265,0,0.07884898781776428,0.3596149682998657,0.9297630190849304,0,-0.0019529999699443579,0.3832220137119293,0,1,0.972923994064331,-0.22985295951366425,0.02421998791396618,0,0.22966395318508148,0.9496819972991943,-0.21297696232795715,0,0.025951988995075226,0.21277295053005219,0.9767569899559021,0,-0.0015869999770075083,0.35795900225639343,0,1,-0.060434143990278244,-0.07868097722530365,0.9950659871101379,0,-0.988319993019104,0.14443504810333252,-0.04860414192080498,0,-0.13989804685115814,-0.9863809943199158,-0.08648999780416489,0,-0.47015199065208435,0.7019659876823425,-0.028788000345230103,1,0.8903239965438843,-0.016572067514061928,-0.4550270438194275,0,0.4525640308856964,0.14215493202209473,0.8803279995918274,0,0.05009590834379196,-0.9897059798240662,0.1340639591217041,0,0,0.8256480097770691,0,1,0.8154929876327515,-0.5786040425300598,-0.013736002147197723,0,0.5785640478134155,0.8143470287322998,0.04585200548171997,0,-0.015344002284109592,-0.04533900320529938,0.9988539814949036,0,0,4.095970153808594,0,1,0.9705430269241333,-0.24090899527072906,0.0031411503441631794,0,0.22616492211818695,0.9154819250106812,0.3327782154083252,0,-0.08304419368505478,-0.3222651779651642,0.9429999589920044,0,0,1.9415810108184814,0,1,0.9684749841690063,0.14506100118160248,0.20251600444316864,0,-0.2105810046195984,0.9110509753227234,0.3544600009918213,0,-0.1330839991569519,-0.38593199849128723,0.9128770232200623,0,-0.06941299885511398,0.19356800615787506,-0.045239001512527466,1,0.8972340226173401,0.35534900426864624,-0.26210200786590576,0,-0.3902379870414734,0.9158890247344971,-0.09414099901914597,0,0.20660400390625,0.18674899637699127,0.960436999797821,0,0.07321099936962128,0.15170200169086456,0,1,0.9992669820785522,-0.03826399892568588,-0.0011030000168830156,0,0.03631100058555603,0.9565960168838501,-0.2891469895839691,0,0.012118999846279621,0.28889501094818115,0.9572839736938477,0,0.05226999893784523,0.6198980212211609,0,1,0.9624339938163757,0.05022399500012398,0.2668290138244629,0,0.03902401402592659,0.9469519853591919,-0.31899702548980713,0,-0.26869499683380127,0.31742703914642334,0.9094190001487732,0,0.032423000782728195,0.23992100358009338,-0.039709001779556274,1,0.9979680180549622,0.06020999699831009,0.020839998498558998,0,-0.061997994780540466,0.8422620296478271,0.5354909896850586,0,0.014688998460769653,-0.5356950163841248,0.8442839980125427,0,0.008605999872088432,0.5635939836502075,0,1,0.9983469843864441,0.05693100020289421,0.00793399941176176,0,-0.055470000952482224,0.9180170297622681,0.39264199137687683,0,0.015069998800754547,-0.3924329876899719,0.9196569919586182,0,-0.0035429999697953463,0.5197169780731201,0,1,0.9650650024414062,0.26014000177383423,0.0312579981982708,0,-0.24873900413513184,0.9471250176429749,-0.2026900351047516,0,-0.08233300596475601,0.1878340244293213,0.9787439703941345,0,-0.032423000782728195,0.15070399641990662,-0.03167499974370003,1,0.997713029384613,0.06447300314903259,0.020305998623371124,0,-0.06530199944972992,0.8417519927024841,0.5359010100364685,0,0.017458997666835785,-0.5360010266304016,0.8440369963645935,0,0.0020490000024437904,0.4897159934043884,0,1,0.9994530081748962,0.03280400112271309,0.004161999560892582,0,-0.03246299922466278,0.9494709968566895,0.312171995639801,0,0.006288999691605568,-0.3121359944343567,0.9500160217285156,0,0.0004440000047907233,0.4518350064754486,0,1,-0.8976209759712219,-0.3313090205192566,0.2907090187072754,0,0.35843703150749207,-0.9325169920921326,0.04399298503994942,0,0.2565160393714905,0.14369000494480133,0.9557999968528748,0,0.48764899373054504,-0.3195039927959442,0.003722999943420291,1,0.8804479241371155,-0.4102330505847931,-0.23773901164531708,0,0.22804905474185944,0.8059939742088318,-0.5462290048599243,0,0.41569802165031433,0.42670997977256775,0.8031899929046631,0,0,2.3406128883361816,0,1,0.6859989762306213,-0.2729179561138153,0.6744779944419861,0,-0.6667510271072388,0.13531799614429474,0.7328929901123047,0,-0.29128897190093994,-0.952472984790802,-0.08913997560739517,0,0,2.7173449993133545,0,1,0.9721360206604004,-0.23441700637340546,0,0,0.23020100593566895,0.9546489715576172,0.1888210028409958,0,-0.044263001531362534,-0.18355999886989594,0.9820110201835632,0,0,0.3666679859161377,0,1,-0.9453859925270081,0.23752999305725098,-0.2232150137424469,0,-0.24955400824546814,-0.9679880142211914,0.026875002309679985,0,-0.20968501269817352,0.08111100643873215,0.9743989706039429,0,-0.48764899373054504,-0.3195039927959442,-0.005078000016510487,1,0.9835019707679749,0.1578800231218338,0.08829900622367859,0,-0.11275701969861984,0.9167450070381165,-0.38322800397872925,0,-0.14145201444625854,0.3669489920139313,0.9194239974021912,0,0,2.3037970066070557,0,1,0.9642750024795532,0.08560098707675934,-0.2506900131702423,0,0.24689100682735443,0.052571993321180344,0.9676160216331482,0,0.09600898623466492,-0.9949420094490051,0.029558993875980377,0,0,2.5493650436401367,0,1,0.9964950084686279,-0.08356200158596039,-0.0038699989672750235,0,0.08364299684762955,0.9946609735488892,0.06043899804353714,0,-0.0012010005302727222,-0.06054999679327011,0.9981639981269836,0,0,0.7431719899177551,0,1
