1.967,30,59,65
B0,mixamorig_Hips,-1,0.7319610714912415,0.0019749337807297707,0.6813439130783081,0,0.05492282658815384,0.9965699911117554,-0.06189272925257683,0,-0.679129958152771,0.0827246829867363,0.7293421030044556,0,-0.07400889694690704,32.15761184692383,-0.01710367575287819,1
B1,mixamorig_Spine,0,0.9967449903488159,-0.012388037517666817,-0.0796639621257782,0,0.019856052473187447,0.995406985282898,0.09364724159240723,0,0.07813795655965805,-0.09492424875497818,0.9924129843711853,0,0,3.501121997833252,-0.008794999681413174,1
B2,mixamorig_Spine1,1,0.9864180088043213,-0.018735088407993317,-0.16318394243717194,0,0.049932148307561874,0.9806608557701111,0.18923646211624146,0,0.15648289024829865,-0.19481447339057922,0.9682769179344177,0,0,4.084652900695801,0,1
B3,mixamorig_Spine2,2,0.9864180088043213,-0.018735088407993317,-0.16318394243717194,0,0.049932148307561874,0.9806608557701111,0.18923646211624146,0,0.15648289024829865,-0.19481447339057922,0.9682769179344177,0,0,4.668178081512451,0,1
B4,mixamorig_Neck,3,0.9997529983520508,0.004664702340960503,0.021708009764552116,0,-0.0038206572644412518,0.9992409348487854,-0.03878002241253853,0,-0.021872006356716156,0.03868703171610832,0.9990119338035583,0,0,5.251695156097412,0,1
B5,mixamorig_Head,4,0.9375181794166565,-0.025264615193009377,-0.3470185399055481,0,-0.0010605481220409274,0.9971479177474976,-0.0754624679684639,0,0.3479345142841339,0.071115642786026,0.9348171353340149,0,0,10.451077461242676,-1.0435889959335327,1
B6,mixamorig_HeadTop_End,5,1,0,0,0,0,1,0,0,0,0,1,0,0,14.277118682861328,-1.42563796043396,1
B7,mixamorig_LeftShoulder,3,-0.013987487182021141,0.026604829356074333,-0.9995480179786682,0,0.9017959833145142,0.43216195702552795,-0.0011167755583301187,0,0.43193700909614563,-0.9014040231704712,-0.03003619611263275,0,3.810667037963867,6.556541919708252,-0.02247600071132183,1
B8,mixamorig_LeftArm,7,0.97124183177948,-0.15446580946445465,0.18119025230407715,0,-0.19692613184452057,-0.09341533482074738,0.9759581089019775,0,-0.1338260918855667,-0.9835720062255859,-0.1211465448141098,0,0,8.239282608032227,0,1
B9,mixamorig_LeftForeArm,8,0.6559599041938782,0.748830258846283,-0.09470849484205246,0,-0.7493693232536316,0.6611157655715942,0.037025079131126404,0,0.09033902734518051,0.046684134751558304,0.9948160648345947,0,0,6.815985202789307,0,1
B10,mixamorig_LeftHand,9,0.9669989943504333,-0.05941302701830864,-0.24775496125221252,0,-0.004369040951132774,0.9684199690818787,-0.2492859661579132,0,0.25474193692207336,0.24214208126068115,0.9362019300460815,0,0,8.247876167297363,0,1
B11,mixamorig_LeftHandThumb1,10,0.8702036738395691,0.4871745705604553,-0.0735313817858696,0,-0.36449578404426575,0.7369846105575562,0.5692070722579956,0,0.33149486780166626,-0.4685240685939789,0.8188989758491516,0,-1.0784410238265991,1.863752007484436,0.45818498730659485,1
B12,mixamorig_LeftHandThumb2,11,0.9900019764900208,-0.14105111360549927,0.00017891528841573745,0,0.14103910326957703,0.9899010062217712,-0.014265801757574081,0,0.0018350571626797318,0.014148790389299393,0.9998980164527893,0,0.11921100318431854,1.7571460008621216,0,1
B13,mixamorig_LeftHandThumb3,12,0.9979299902915955,0.06423299759626389,-0.003182000480592251,0,-0.06423400342464447,0.9979349970817566,-0.000027999440135317855,0,0.0031739999540150166,0.00023200000578071922,0.9999949932098389,0,-0.11016000062227249,1.51084303855896,0,1
B14,mixamorig_LeftHandThumb4,13,1,0,0,0,0,1,0,0,0,0,1,0,-0.009050999768078327,1.066182017326355,0,1
B15,mixamorig_LeftHandIndex1,10,0.9757289886474609,0.21897897124290466,0.0010606147116050124,0,-0.21870796382427216,0.9742600917816162,0.0546310730278492,0,0.010928952135145664,-0.0535370372235775,0.9985061287879944,0,-1.4275480508804321,6.10331392288208,-0.11960099637508392,1
B16,mixamorig_LeftHandIndex2,15,0.9965440034866333,-0.08226210623979568,-0.011523001827299595,0,0.08191711455583572,0.9502843022346497,0.3004150092601776,0,-0.013761944137513638,-0.3003210127353668,0.9537392854690552,0,0.04283899813890457,1.0765529870986938,0,1
B17,mixamorig_LeftHandIndex3,16,1,0.0005670000100508332,-0.00015799999528098851,0,-0.0005670000100508332,1,-0.000003999999989900971,0,0.00015799999528098851,0.000003999999989900971,1,0,-0.023527000099420547,0.9480090141296387,0,1
B18,mixamorig_LeftHandIndex4,17,1,0,0,0,0,1,0,0,0,0,1,0,-0.019311999902129173,0.7968199849128723,0,1
B19,mixamorig_LeftHandMiddle1,10,0.9953968524932861,-0.09368603676557541,-0.020215285941958427,0,0.09583207964897156,0.9697781205177307,0.22438213229179382,0,-0.0014168709749355912,-0.22528617084026337,0.974291205406189,0,-0.4095290005207062,6.721436977386475,-0.19478900730609894,1
B20,mixamorig_LeftHandMiddle2,19,0.9999139904975891,-0.013118061237037182,-0.0001310028019361198,0,0.012151063419878483,0.9224133491516113,0.38601213693618774,0,-0.004943009465932846,-0.38598012924194336,0.9224933385848999,0,0.011099000461399555,1.0024290084838867,0,1
B21,mixamorig_LeftHandMiddle3,20,0.9998120069503784,0.019377000629901886,-0.0011350000277161598,0,-0.019377000629901886,0.9998120069503784,0.000005000560577173019,0,0.0011350000277161598,0.000015999999959603883,0.9999989867210388,0,-0.01435799989849329,0.9878939986228943,0,1
B22,mixamorig_LeftHandMiddle4,21,1,0,0,0,0,1,0,0,0,0,1,0,0.003258999902755022,0.6871449947357178,0,1
B23,mixamorig_LeftHandRing1,10,0.9750928282737732,-0.22175079584121704,-0.004468576051294804,0,0.19572004675865173,0.8508051633834839,0.4876723289489746,0,-0.10433974117040634,-0.47640034556388855,0.8730153441429138,0,0.40717700123786926,6.554275035858154,0.01018999982625246,1
B24,mixamorig_LeftHandRing2,23,0.9999629855155945,0.008608013391494751,-0.0009380016708746552,0,-0.006719015538692474,0.8396954536437988,0.543016254901886,0,0.005462002474814653,-0.5429892539978027,0.8397215008735657,0,0.0004889999981969595,1.0218980312347412,0,1
B25,mixamorig_LeftHandRing3,24,0.9999960064888,-0.002839999971911311,0.0000019999999949504854,0,0.002839999971911311,0.9999960064888,9.999999974752427e-7,0,-0.0000019999999949504854,-9.999999974752427e-7,1,0,0.000783999974373728,0.8980979919433594,0,1
B26,mixamorig_LeftHandRing4,25,1,0,0,0,0,1,0,0,0,0,1,0,-0.0012730000307783484,0.6668699979782104,0,1
B27,mixamorig_LeftHandPinky1,10,0.9556787610054016,-0.29407867789268494,-0.013978569768369198,0,0.25638702511787415,0.8079752326011658,0.5305111408233643,0,-0.14471766352653503,-0.5105822086334229,0.8475625514984131,0,1.429900050163269,5.20242977142334,-0.27761000394821167,1
B28,mixamorig_LeftHandPinky2,27,0.9990339875221252,0.04355805367231369,-0.005812961608171463,0,-0.02937409281730652,0.7603095769882202,0.6488962769508362,0,0.03268497809767723,-0.6480993032455444,0.7608546018600464,0,0.003819999983534217,1.3176980018615723,0,1
B29,mixamorig_LeftHandPinky3,28,0.9999110102653503,-0.013318999670445919,-0.0003969999961555004,0,0.013318999670445919,0.9999110102653503,-0.000003000000106112566,0,0.0003969999961555004,-0.0000019999999949504854,1,0,0.0033019999973475933,0.885483980178833,0,1
B30,mixamorig_LeftHandPinky4,29,1,0,0,0,0,1,0,0,0,0,1,0,-0.007122000213712454,0.7400799989700317,0,1
B31,mixamorig_RightShoulder,3,0.14906148612499237,-0.030064739286899567,0.9883707761764526,0,-0.9043987989425659,0.39999067783355713,0.14856433868408203,0,-0.39980560541152954,-0.9160259962081909,0.03243345394730568,0,-3.810667037963867,6.556413173675537,0.029030999168753624,1
B32,mixamorig_RightArm,31,0.9155266284942627,0.3144606649875641,0.25085020065307617,0,-0.23086264729499817,-0.0999244675040245,0.9678412675857544,0,0.3294142484664917,-0.9439966082572937,-0.01888628490269184,0,0,8.239282608032227,0,1
B33,mixamorig_RightForeArm,32,0.7359999418258667,-0.6717779040336609,-0.08377743512392044,0,0.676982045173645,0.7302401661872864,0.09189813584089279,0,-0.0005576771218329668,-0.1243526041507721,0.9922380447387695,0,0,6.812190055847168,0,1
B34,mixamorig_RightHand,33,0.9863117933273315,-0.13323669135570526,0.09714378416538239,0,0.10853361338376999,0.9681020975112915,0.22583025693893433,0,-0.12413382530212402,-0.21219508349895477,0.9693111181259155,0,0,8.237086296081543,0,1
B35,mixamorig_RightHandThumb1,34,0.8325378894805908,-0.5290932655334473,-0.16413864493370056,0,0.5502540469169617,0.7555636763572693,0.3554506003856659,0,-0.06404972076416016,-0.3862442672252655,0.9201698303222656,0,1.0737799406051636,1.8803869485855103,0.4871090054512024,1
B36,mixamorig_RightHandThumb2,35,0.8472881317138672,0.5311298370361328,-0.0018540751188993454,0,-0.5311267971992493,0.8472900986671448,0.001956735271960497,0,0.0026099232491105795,-0.0006737358053214848,0.9999960064888,0,-0.1641169935464859,1.7679920196533203,0,1
B37,mixamorig_RightHandThumb3,36,0.9990720152854919,-0.03916500136256218,0.017945999279618263,0,0.039184000343084335,0.9992319941520691,-0.0007239999831654131,0,-0.017904000356793404,0.0014270000392571092,0.9998390078544617,0,0.1236950010061264,1.5518039464950562,0,1
B38,mixamorig_RightHandThumb4,37,1,0,0,0,0,1,0,0,0,0,1,0,0.040421999990940094,1.0005459785461426,0,1
B39,mixamorig_RightHandIndex1,34,0.9976710081100464,-0.0678962916135788,-0.006610029377043247,0,0.06814628839492798,0.9963709712028503,0.050998568534851074,0,0.0031230442691594362,-0.0513305701315403,0.9986770153045654,0,1.4564330577850342,5.921350955963135,-0.1257150024175644,1
B40,mixamorig_RightHandIndex2,39,0.9977849721908569,0.06581901013851166,0.009687003679573536,0,-0.06580400466918945,0.9549829959869385,0.2892709970474243,0,0.009789000265300274,-0.28926798701286316,0.9571980237960815,0,-0.030913999304175377,1.0860990285873413,0,1
B41,mixamorig_RightHandIndex3,40,1,0.000031999439670471475,0.000007999438821570948,0,-0.000031999439670471475,1,0,0,-0.000007999438821570948,0,1,0,0.017545999959111214,1.0490829944610596,0,1
B42,mixamorig_RightHandIndex4,41,1,0,0,0,0,1,0,0,0,0,1,0,0.013368000276386738,0.801846981048584,0,1
B43,mixamorig_RightHandMiddle1,34,0.9997519850730896,-0.014879841357469559,-0.016538968309760094,0,0.017867838963866234,0.9799519777297974,0.19842903316020966,0,0.013254999183118343,-0.19867603480815887,0.9799759984016418,0,0.409525990486145,6.665801048278809,-0.1508840024471283,1
B44,mixamorig_RightHandMiddle2,43,0.9999930262565613,-0.001678904634900391,-0.0034109752159565687,0,0.0031769024208188057,0.8618187308311462,0.5072057247161865,0,0.0020880314987152815,-0.50721275806427,0.8618177175521851,0,-0.010005000047385693,1.0205659866333008,0,1
B45,mixamorig_RightHandMiddle3,44,0.9999709725379944,-0.007538000121712685,0.000547999981790781,0,0.007538000121712685,0.9999719858169556,-9.999999974752427e-7,0,-0.000547999981790781,0.000004999999873689376,1,0,0.008883999660611153,0.9933050274848938,0,1
B46,mixamorig_RightHandMiddle4,45,1,0,0,0,0,1,0,0,0,0,1,0,0.001120000029914081,0.7736300230026245,0,1
B47,mixamorig_RightHandRing1,34,0.9951980113983154,0.09723107516765594,-0.01124297734349966,0,-0.08760711550712585,0.9360862970352173,0.3406871557235718,0,0.04364892467856407,-0.3380671739578247,0.9401093125343323,0,-0.4348190128803253,6.544290065765381,-0.10631100088357925,1
B48,mixamorig_RightHandRing2,47,0.9997689723968506,-0.0213529821485281,-0.002422984456643462,0,0.018408985808491707,0.7928494811058044,0.6091384291648865,0,-0.011085987091064453,-0.6090424060821533,0.7930594682693481,0,0.0012610000558197498,0.9784529805183411,0,1
B49,mixamorig_RightHandRing3,48,0.9999970197677612,0.0025500000920146704,-0.00003400000059627928,0,-0.0025500000920146704,0.9999970197677612,-9.999999974752427e-7,0,0.00003400000059627928,9.999999974752427e-7,1,0,-0.0017259999876841903,0.912090003490448,0,1
B50,mixamorig_RightHandRing4,49,1,0,0,0,0,1,0,0,0,0,1,0,0.00046499999007210135,0.7293429970741272,0,1
B51,mixamorig_RightHandPinky1,34,0.9911440014839172,0.12937715649604797,0.029902033507823944,0,-0.13103416562080383,0.9164509773254395,0.37808388471603394,0,0.02151201292872429,-0.378653883934021,0.9252880811691284,0,-1.4311399459838867,5.258197784423828,-0.18793100118637085,1
B52,mixamorig_RightHandPinky2,51,0.9943979978561401,-0.10431598871946335,-0.01702895201742649,0,0.08966399729251862,0.7472285628318787,0.6584903597831726,0,-0.05596594884991646,-0.6563283205032349,0.7523965239524841,0,-0.006391999777406454,1.1557730436325073,0,1
B53,mixamorig_RightHandPinky3,52,0.9997490048408508,0.022414999082684517,0.0004459999909158796,0,-0.022414999082684517,0.9997490048408508,-0.000007000000096013537,0,-0.0004459999909158796,-0.000003000000106112566,1,0,-0.005781000014394522,0.9428189992904663,0,1
B54,mixamorig_RightHandPinky4,53,1,0,0,0,0,1,0,0,0,0,1,0,0.012172999791800976,0.7500270009040833,0,1
B55,mixamorig_LeftUpLeg,0,-0.9669189453125,-0.1742822825908661,0.18626408278942108,0,0.2349303513765335,-0.8929126858711243,0.38407647609710693,0,0.09937983751296997,0.41512954235076904,0.9043177366256714,0,4.6027350425720215,-1.9433209896087646,-0.3924350142478943,1
B56,mixamorig_LeftLeg,55,0.9685759544372559,-0.1307661086320877,-0.21156615018844604,0,-0.01714097522199154,0.8135120868682861,-0.5812949538230896,0,0.24812518060207367,0.5666548609733582,0.7857069969177246,0,0,14.97060489654541,0,1
B57,mixamorig_LeftFoot,56,0.9625139832496643,-0.043633222579956055,0.2676979601383209,0,-0.2109277993440628,0.5000672936439514,0.839905858039856,0,-0.170515239238739,-0.8648868203163147,0.4721182584762573,0,0,13.044047355651855,0,1
B58,mixamorig_LeftToeBase,57,0.9824020266532898,-0.046103909611701965,0.18100209534168243,0,-0.07942012697458267,0.7739850282669067,0.6282029747962952,0,-0.1690550148487091,-0.6315230131149292,0.7567030191421509,0,0,6.657577037811279,0,1
B59,mixamorig_LeftToe_End,58,1,0,0,0,0,1,0,0,0,0,1,0,0,2.8414440155029297,0,1
B60,mixamorig_RightUpLeg,0,-0.9373230934143066,0.2592695653438568,-0.23282009363174438,0,-0.2454087883234024,-0.9654921293258667,-0.08717299997806549,0,-0.24738682806491852,-0.024573104456067085,0.9686050415039062,0,-4.6027350425720215,-1.9433209896087646,-0.2886179983615875,1
B61,mixamorig_RightLeg,60,0.9881659746170044,-0.08502112329006195,-0.12767206132411957,0,0.003911880310624838,0.8460302948951721,-0.5331200957298279,0,0.1533411145210266,0.5263110995292664,0.8363512754440308,0,0,14.998594284057617,0,1
B62,mixamorig_RightFoot,61,0.92153000831604,0.3033929467201233,-0.24235396087169647,0,0.15996421873569489,0.2721003293991089,0.9488801956176758,0,0.3538278341293335,-0.9131892323493958,0.20221632719039917,0,0,13.028194427490234,0,1
B63,mixamorig_RightToeBase,62,0.9757230281829834,0.006120999809354544,-0.21892401576042175,0,0.13301101326942444,0.7775769829750061,0.6145579814910889,0,0.17399200797080994,-0.6287580132484436,0.7578859925270081,0,0,6.562164783477783,0,1
B64,mixamorig_RightToe_End,63,1,0,0,0,0,1,0,0,0,0,1,0,0,2.8164141178131104,0,1
@52,0,1,2,3,4,5,7,8,9,10,11,12,13,15,16,17,19,20,21,23,24,25,27,28,29,31,32,33,34,35,36,37,39,40,41,43,44,45,47,48,49,51,52,53,55,56,57,58,60,61,62,63
K0.000,0.7308340072631836,0.0019359999569132924,0.6825519800186157,0,0.05154599994421005,0.9969840049743652,-0.058021001517772675,0,-0.6806060075759888,0.07758700102567673,0.7285299897193909,0,-0.10182999819517136,32.0907096862793,-0.12953400611877441,1,0.9966970086097717,-0.013016000390052795,-0.08016599714756012,0,0.020831000059843063,0.9950230121612549,0.09744399785995483,0,0.07849899679422379,-0.09879200160503387,0.9920070171356201,0,0,3.501121997833252,-0.008794999681413174,1,0.9861840009689331,-0.02006700076162815,-0.16443300247192383,0,0.05269800126552582,0.9790719747543335,0.19657300412654877,0,0.15704800188541412,-0.20252199470996857,0.9666029810905457,0,0,4.084652900695801,0,1,0.9861840009689331,-0.02006700076162815,-0.16443300247192383,0,0.05269800126552582,0.9790719747543335,0.19657200574874878,0,0.15704700350761414,-0.20252199470996857,0.9666029810905457,0,0,4.668178081512451,0,1,0.9997439980506897,0.005135999992489815,0.022029999643564224,0,-0.003524000057950616,0.9973539710044861,-0.07260599732398987,0,-0.022345000877976418,0.0725099965929985,0.9971169829368591,0,0,5.251695156097412,0,1,0.9370599985122681,-0.04476400092244148,-0.3462870121002197,0,0.00621700007468462,0.9937300086021423,-0.1116349995136261,0,0.34911298751831055,0.1024560034275055,0.9314630031585693,0,0,10.451077461242676,-1.0435889959335327,1,0.006763000041246414,0.02362699992954731,-0.9996979832649231,0,0.9159160256385803,0.4010629951953888,0.015675000846385956,0,0.401311993598938,-0.9157459735870361,-0.018928000703454018,0,3.810667037963867,6.556541919708252,-0.02247600071132183,1,0.9688490033149719,-0.16260799765586853,0.18679200112819672,0,-0.20069199800491333,-0.07358700037002563,0.9768869876861572,0,-0.14510400593280792,-0.983942985534668,-0.10392899811267853,0,0,8.239282608032227,0,1,0.6672790050506592,0.7392100095748901,-0.09114199876785278,0,-0.7403420209884644,0.6716740131378174,0.02735700085759163,0,0.0814410001039505,0.04922100156545639,0.9954620003700256,0,0,6.815985202789307,0,1,0.966484010219574,-0.060756001621484756,-0.24943199753761292,0,-0.017660999670624733,0.9535560011863708,-0.3006959855556488,0,0.25611698627471924,0.29502400755882263,0.920524001121521,0,0,8.247876167297363,0,1,0.8640400171279907,0.4992710053920746,-0.06452299654483795,0,-0.37908700108528137,0.7296059727668762,0.5691819787025452,0,0.3312529921531677,-0.4673359990119934,0.8196759819984436,0,-1.0784410238265991,1.863752007484436,0.45818498730659485,1,0.9900640249252319,-0.14061899483203888,0.00037299998803064227,0,0.1406089961528778,0.9899550080299377,-0.014750000089406967,0,0.0017040000529959798,0.014655999839305878,0.9998909831047058,0,0.11921100318431854,1.7571460008621216,0,1,0.9979299902915955,0.06423299759626389,-0.0031820000149309635,0,-0.06423400342464447,0.9979349970817566,-0.00002700000004551839,0,0.0031739999540150166,0.00023200000578071922,0.9999949932098389,0,-0.11016000062227249,1.51084303855896,0,1,0.975820004940033,0.21857500076293945,-0.0004199999966658652,0,-0.21837599575519562,0.9750080108642578,0.040876999497413635,0,0.009344999678432941,-0.03979700058698654,0.9991639852523804,0,-1.4275480508804321,6.10331392288208,-0.11960099637508392,1,0.996392011642456,-0.08407200127840042,-0.011578000150620937,0,0.08391900360584259,0.9557499885559082,0.2819580137729645,0,-0.012640000320971012,-0.28191301226615906,0.9593570232391357,0,0.04283899813890457,1.0765529870986938,0,1,1,0.0005670000100508332,-0.00015799999528098851,0,-0.0005670000100508332,1,-0.000003999999989900971,0,0.00015799999528098851,0.000003999999989900971,1,0,-0.023527000099420547,0.9480090141296387,0,1,0.9937599897384644,-0.1089560016989708,-0.023847000673413277,0,0.11153499782085419,0.9711790084838867,0.21064400672912598,0,0.00020900000527035445,-0.21198999881744385,0.9772719740867615,0,-0.4095290005207062,6.721436977386475,-0.19478900730609894,1,0.9999030232429504,-0.013930000364780426,-0.00008600000001024455,0,0.012954000383615494,0.9275839924812317,0.37338900566101074,0,-0.005121999885886908,-0.3733539879322052,0.9276750087738037,0,0.011099000461399555,1.0024290084838867,0,1,0.9998120069503784,0.019377000629901886,-0.0011350000277161598,0,-0.019377000629901886,0.9998120069503784,0.000006000000212225132,0,0.0011350000277161598,0.000015999999959603883,0.9999989867210388,0,-0.01435799989849329,0.9878939986228943,0,1,0.9720159769058228,-0.2346159964799881,-0.011853000149130821,0,0.21193499863147736,0.8540449738502502,0.47506898641586304,0,-0.10133499652147293,-0.4642859995365143,0.8798689842224121,0,0.40717700123786926,6.554275035858154,0.01018999982625246,1,0.9999619722366333,0.008623999543488026,-0.000999000039882958,0,-0.006773000117391348,0.8469880223274231,0.5315679907798767,0,0.005429999902844429,-0.5315409898757935,0.8470150232315063,0,0.0004889999981969595,1.0218980312347412,0,1,0.9999960064888,-0.002839999971911311,0.0000019999999949504854,0,0.002839999971911311,0.9999960064888,0,0,-0.0000019999999949504854,0,1,0,0.000783999974373728,0.8980979919433594,0,1,0.9519659876823425,-0.30543801188468933,-0.021630000323057175,0,0.2720780074596405,0.811352014541626,0.5173789858818054,0,-0.1404780000448227,-0.49841201305389404,0.8554829955101013,0,1.429900050163269,5.20242977142334,-0.27761000394821167,1,0.999006986618042,0.044210001826286316,-0.005464999936521053,0,-0.030540000647306442,0.7690209746360779,0.638493001461029,0,0.03243099898099899,-0.6376919746398926,0.7696080207824707,0,0.003819999983534217,1.3176980018615723,0,1,0.9999110102653503,-0.013318999670445919,-0.0003969999961555004,0,0.013318999670445919,0.9999110102653503,-0.000003000000106112566,0,0.0003969999961555004,-0.0000019999999949504854,1,0,0.0033019999973475933,0.885483980178833,0,1,0.1717049926519394,-0.02522899955511093,0.9848250150680542,0,-0.9151549935340881,0.36599600315093994,0.16893400251865387,0,-0.3647040128707886,-0.9302740097045898,0.03975500166416168,0,-3.810667037963867,6.556413173675537,0.029030999168753624,1,0.9109699726104736,0.3385449945926666,0.23563100397586823,0,-0.22450999915599823,-0.07225500047206879,0.9717890024185181,0,0.34602001309394836,-0.9381719827651978,0.01018499955534935,0,0,8.239282608032227,0,1,0.7384939789772034,-0.6655219793319702,-0.10820399969816208,0,0.6729639768600464,0.7374680042266846,0.05710100010037422,0,0.041795000433921814,-0.11498600244522095,0.9924880266189575,0,0,6.812190055847168,0,1,0.9818879961967468,-0.1502539962530136,0.11541099846363068,0,0.11891599744558334,0.9629669785499573,0.24197900295257568,0,-0.14749500155448914,-0.22387200593948364,0.963392972946167,0,0,8.237086296081543,0,1,0.824051022529602,-0.5408809781074524,-0.16848500072956085,0,0.5626170039176941,0.7465220093727112,0.3551979959011078,0,-0.06634300202131271,-0.3874939978122711,0.9194819927215576,0,1.0737799406051636,1.8803869485855103,0.4871090054512024,1,0.8573899865150452,0.5146629810333252,-0.002199999988079071,0,-0.5146650075912476,0.8573920130729675,-0.00042299999040551484,0,0.0016680000117048621,0.0014949999749660492,0.9999970197677612,0,-0.1641169935464859,1.7679920196533203,0,1,0.9990720152854919,-0.03916500136256218,0.017945999279618263,0,0.039184000343084335,0.9992319941520691,-0.0007239999831654131,0,-0.017904000356793404,0.0014270000392571092,0.9998390078544617,0,0.1236950010061264,1.5518039464950562,0,1,0.9976609945297241,-0.0679749995470047,-0.007205000147223473,0,0.06827300041913986,0.9960870146751404,0.05611399933695793,0,0.003361999988555908,-0.05647499859333038,0.9983980059623718,0,1.4564330577850342,5.921350955963135,-0.1257150024175644,1,0.9977909922599792,0.06572499871253967,0.009692000225186348,0,-0.06569699943065643,0.954442024230957,0.2910729944705963,0,0.009879999794065952,-0.2910670042037964,0.9566519856452942,0,-0.030913999304175377,1.0860990285873413,0,1,1,0.00003099999958067201,0.000007000000096013537,0,-0.00003099999958067201,1,0,0,-0.000007000000096013537,0,1,0,0.017545999959111214,1.0490829944610596,0,1,0.9997460246086121,-0.015231999568641186,-0.016603000462055206,0,0.01821500062942505,0.9801049828529358,0.19764399528503418,0,0.013261999934911728,-0.19789600372314453,0.9801329970359802,0,0.409525990486145,6.665801048278809,-0.1508840024471283,1,0.9999920129776001,-0.0017839999636635184,-0.0034409998916089535,0,0.0032870001159608364,0.860709011554718,0.509086012840271,0,0.002053000032901764,-0.5090939998626709,0.8607079982757568,0,-0.010005000047385693,1.0205659866333008,0,1,0.9999709725379944,-0.007538000121712685,0.000547999981790781,0,0.007538000121712685,0.9999719858169556,0,0,-0.000547999981790781,0.000004999999873689376,1,0,0.008883999660611153,0.9933050274848938,0,1,0.9952189922332764,0.09701699763536453,-0.011304999701678753,0,-0.08734899759292603,0.9358320236206055,0.3414509892463684,0,0.04370599985122681,-0.33883100748062134,0.9398319721221924,0,-0.4348190128803253,6.544290065765381,-0.10631100088357925,1,0.9997689723968506,-0.021372999995946884,-0.002440999960526824,0,0.018425999209284782,0.7923110127449036,0.6098399758338928,0,-0.011099999770522118,-0.6097429990768433,0.7925209999084473,0,0.0012610000558197498,0.9784529805183411,0,1,0.9999970197677612,0.002549000084400177,-0.00003400000059627928,0,-0.002549000084400177,0.9999970197677612,0,0,0.00003400000059627928,0,1,0,-0.0017259999876841903,0.912090003490448,0,1,0.9911059737205505,0.1296519935131073,0.029983999207615852,0,-0.13134099543094635,0.9167979955673218,0.3771350085735321,0,0.021407000720500946,-0.3777180016040802,0.9256730079650879,0,-1.4311399459838867,5.258197784423828,-0.18793100118637085,1,0.9944000244140625,-0.10429199784994125,-0.017078999429941177,0,0.08960799872875214,0.746399998664856,0.6594370007514954,0,-0.056026000529527664,-0.6572740077972412,0.7515659928321838,0,-0.006391999777406454,1.1557730436325073,0,1,0.9997490048408508,0.022414999082684517,0.0004459999909158796,0,-0.022414999082684517,0.9997490048408508,-0.000007000000096013537,0,-0.0004459999909158796,-0.000003000000106112566,1,0,-0.005781000014394522,0.9428189992904663,0,1,-0.9661020040512085,-0.17739500105381012,0.18755599856376648,0,0.23941299319267273,-0.8874459862709045,0.3938539922237396,0,0.09657800197601318,0.4254069924354553,0.8998339772224426,0,4.6027350425720215,-1.9433209896087646,-0.3924350142478943,1,0.9687470197677612,-0.13255000114440918,-0.2096640020608902,0,-0.016349999234080315,0.8092910051345825,-0.5871800184249878,0,0.24751000106334686,0.5722569823265076,0.7818310260772705,0,0,14.97060489654541,0,1,0.9623780250549316,-0.047026000916957855,0.2676140069961548,0,-0.20931300520896912,0.49970000982284546,0.8405290246009827,0,-0.17325299978256226,-0.864920973777771,0.4710569977760315,0,0,13.044047355651855,0,1,0.9818710088729858,-0.04684099927544594,0.18366900086402893,0,-0.08061099797487259,0.7738000154495239,0.6282789707183838,0,-0.17155300080776215,-0.6316949725151062,0.7559959888458252,0,0,6.657577037811279,0,1,-0.9381719827651978,0.25468000769615173,-0.2344609946012497,0,-0.24540700018405914,-0.9670019745826721,-0.0684249997138977,0,-0.24415099620819092,-0.0066559999249875546,0.9697139859199524,0,-4.6027350425720215,-1.9433209896087646,-0.2886179983615875,1,0.9884719848632812,-0.08729200065135956,-0.12370699644088745,0,0.0041069998405873775,0.8322219848632812,-0.5544270277023315,0,0.1513489931821823,0.547527015209198,0.8229870200157166,0,0,14.998594284057617,0,1,0.921392023563385,0.30503299832344055,-0.24081499874591827,0,0.16280600428581238,0.25969499349594116,0.9518679976463318,0,0.3528900146484375,-0.9162499904632568,0.1896200031042099,0,0,13.028194427490234,0,1,0.9756389856338501,0.005969999823719263,-0.2193019986152649,0,0.13333800435066223,0.7776719927787781,0.6143670082092285,0,0.1742130070924759,-0.6286420226097107,0.7579309940338135,0,0,6.562164783477783,0,1
K0.033,0.7305330038070679,0.0019320000428706408,0.6828749775886536,0,0.05179600417613983,0.9969589710235596,-0.05823100358247757,0,-0.6809099912643433,0.07790999859571457,0.728210985660553,0,-0.09777595847845078,32.093929290771484,-0.13312101364135742,1,0.9966959953308105,-0.013004000298678875,-0.08016899973154068,0,0.020816000178456306,0.995028018951416,0.09739299863576889,0,0.07850400358438492,-0.09873999655246735,0.9920120239257812,0,0,3.501121997833252,-0.008794999681413174,1,0.9861840009689331,-0.02005399949848652,-0.16443300247192383,0,0.05266899988055229,0.9790930151939392,0.19647400081157684,0,0.15705500543117523,-0.20241999626159668,0.9666230082511902,0,0,4.084652900695801,0,1,0.9861840009689331,-0.02005399949848652,-0.16443300247192383,0,0.05266899988055229,0.9790930151939392,0.19647400081157684,0,0.15705600380897522,-0.20241999626159668,0.9666230082511902,0,0,4.668178081512451,0,1,0.9997450113296509,0.00505899777635932,0.022029999643564224,0,-0.003460997948423028,0.9973989725112915,-0.07199098914861679,0,-0.02233700081706047,0.071896992623806,0.9971619844436646,0,0,5.251695156097412,0,1,0.9372029900550842,-0.044468991458415985,-0.3459390103816986,0,0.006170996464788914,0.993798017501831,-0.1110299825668335,0,0.34873101115226746,0.10192298889160156,0.931663990020752,0,0,10.451077461242676,-1.0435889959335327,1,0.0071299998089671135,0.02370000071823597,-0.9996939897537231,0,0.9158909916877747,0.4011070132255554,0.016040999442338943,0,0.4013639986515045,-0.9157249927520752,-0.01884699985384941,0,3.810667037963867,6.556541919708252,-0.02247600071132183,1,0.968858003616333,-0.16241499781608582,0.18691100180149078,0,-0.20075100660324097,-0.07331100106239319,0.9768949747085571,0,-0.14496000111103058,-0.9839950203895569,-0.10363300144672394,0,0,8.239282608032227,0,1,0.6671040058135986,0.7393749952316284,-0.09108400344848633,0,-0.7405049800872803,0.6714940071105957,0.02735700085759163,0,0.08138900250196457,0.049198001623153687,0.9954670071601868,0,0,6.815985202789307,0,1,0.9665619730949402,-0.06074199825525284,-0.24913400411605835,0,-0.017500994727015495,0.9536489844322205,-0.3004109859466553,0,0.25583401322364807,0.29472601413726807,0.9206979870796204,0,0,8.247876167297363,0,1,0.86456298828125,0.4981740117073059,-0.06598100811243057,0,-0.37702199816703796,0.7298359870910645,0.5702580213546753,0,0.3322429955005646,-0.46814700961112976,0.8188120126724243,0,-1.0784410238265991,1.863752007484436,0.45818498730659485,1,0.9900640249252319,-0.14061899483203888,0.00037300007534213364,0,0.1406089961528778,0.9899550080299377,-0.014749998226761818,0,0.0017049995949491858,0.014655997976660728,0.9998909831047058,0,0.11921100318431854,1.7571460008621216,0,1,0.9979299902915955,0.06423299759626389,-0.0031820000149309635,0,-0.06423400342464447,0.9979349970817566,-0.00002700000004551839,0,0.0031739999540150166,0.00023200000578071922,0.9999949932098389,0,-0.11016000062227249,1.51084303855896,0,1,0.9758340120315552,0.21851499378681183,-0.0003689994919113815,0,-0.21830399334430695,0.97496497631073,0.042262010276317596,0,0.009595002047717571,-0.04116000980138779,0.9991059899330139,0,-1.4275480508804321,6.10331392288208,-0.11960099637508392,1,0.996392011642456,-0.0840739980340004,-0.011579000391066074,0,0.08392100036144257,0.955731987953186,0.2820180058479309,0,-0.012644000351428986,-0.2819719910621643,0.9593390226364136,0,0.04283899813890457,1.0765529870986938,0,1,1,0.0005670000100508332,-0.00015799999528098851,0,-0.0005670000100508332,1,-0.000003999999989900971,0,0.00015799999528098851,0.000003999999989900971,1,0,-0.023527000099420547,0.9480090141296387,0,1,0.9937840104103088,-0.1087539941072464,-0.023798000067472458,0,0.11132699251174927,0.9710649847984314,0.2112790048122406,0,0.00013199924433138222,-0.2126149982213974,0.9771360158920288,0,-0.4095290005207062,6.721436977386475,-0.19478900730609894,1,0.9999030232429504,-0.013922999612987041,-0.00008599997090641409,0,0.01294699963182211,0.9275230169296265,0.373540997505188,0,-0.005121000111103058,-0.37350600957870483,0.9276139736175537,0,0.011099000461399555,1.0024290084838867,0,1,0.9998120069503784,0.019377000629901886,-0.0011350000277161598,0,-0.019377000629901886,0.9998120069503784,0.000006000000212225132,0,0.0011340000201016665,0.000015999999959603883,0.9999989867210388,0,-0.01435799989849329,0.9878939986228943,0,1,0.9720630049705505,-0.23442299664020538,-0.011796998791396618,0,0.21170300245285034,0.8539289832115173,0.475380003452301,0,-0.10136599838733673,-0.4645969867706299,0.8797010183334351,0,0.40717700123786926,6.554275035858154,0.01018999982625246,1,0.9999619722366333,0.0086260000243783,-0.0009970000246539712,0,-0.006775000132620335,0.8468539714813232,0.5317819714546204,0,0.005431000143289566,-0.5317559838294983,0.8468800187110901,0,0.0004889999981969595,1.0218980312347412,0,1,0.9999960064888,-0.002839999971911311,0.0000019999999949504854,0,0.002839999971911311,0.9999960064888,0,0,-0.0000019999999949504854,0,1,0,0.000783999974373728,0.8980979919433594,0,1,0.9519860148429871,-0.3053779900074005,-0.02161099947988987,0,0.2719210088253021,0.8110349774360657,0.5179579854011536,0,-0.14064599573612213,-0.49896499514579773,0.8551329970359802,0,1.429900050163269,5.20242977142334,-0.27761000394821167,1,0.999006986618042,0.04421599954366684,-0.005458000116050243,0,-0.030538000166416168,0.768809974193573,0.6387479901313782,0,0.03243900090456009,-0.6379470229148865,0.7693970203399658,0,0.003819999983534217,1.3176980018615723,0,1,0.9999110102653503,-0.013318999670445919,-0.0003969999961555004,0,0.013318999670445919,0.9999110102653503,-0.000003000000106112566,0,0.0003969999961555004,-0.0000019999999949504854,1,0,0.0033019999973475933,0.885483980178833,0,1,0.1713559925556183,-0.025266999378800392,0.9848849773406982,0,-0.9149559736251831,0.36664900183677673,0.16859599947929382,0,-0.36536699533462524,-0.9300159811973572,0.03971000015735626,0,-3.810667037963867,6.556413173675537,0.029030999168753624,1,0.9112129807472229,0.3380829989910126,0.23535099625587463,0,-0.22417399287223816,-0.07234400510787964,0.9718599915504456,0,0.34559598565101624,-0.9383320212364197,0.009868991561233997,0,0,8.239282608032227,0,1,0.7383949756622314,-0.6657149791717529,-0.10767999291419983,0,0.6731259822845459,0.7372639775276184,0.05781201645731926,0,0.04090198129415512,-0.11517100781202316,0.9925029873847961,0,0,6.812190055847168,0,1,0.9819890260696411,-0.149866983294487,0.11505099385976791,0,0.11872798949480057,0.9631689786911011,0.24126498401165009,0,-0.1469709873199463,-0.22325998544692993,0.9636150002479553,0,0,8.237086296081543,0,1,0.8249580264091492,-0.53923499584198,-0.1693200021982193,0,0.5615730285644531,0.7481709718704224,0.3533790111541748,0,-0.06387399137020111,-0.3866080045700073,0.9200289845466614,0,1.0737799406051636,1.8803869485855103,0.4871090054512024,1,0.8574169874191284,0.5146200060844421,-0.0014000001829117537,0,-0.514618992805481,0.8574190139770508,0.0008410101290792227,0,0.0016340053407475352,-0.0000010085450412589125,0.9999989867210388,0,-0.1641169935464859,1.7679920196533203,0,1,0.9990720152854919,-0.03916500136256218,0.017945999279618263,0,0.039184000343084335,0.9992319941520691,-0.0007239999831654131,0,-0.017904000356793404,0.0014270000392571092,0.9998390078544617,0,0.1236950010061264,1.5518039464950562,0,1,0.9976379871368408,-0.06830500066280365,-0.007205998990684748,0,0.06859800219535828,0.9961420297622681,0.05473397672176361,0,0.003439000342041254,-0.05509897693991661,0.9984750151634216,0,1.4564330577850342,5.921350955963135,-0.1257150024175644,1,0.9977920055389404,0.06570199877023697,0.009673000313341618,0,-0.06567499786615372,0.9546269774436951,0.29047301411628723,0,0.009850000031292439,-0.2904669940471649,0.9568340182304382,0,-0.030913999304175377,1.0860990285873413,0,1,1,0.00003099999958067201,0.000007000000096013537,0,-0.00003099999958067201,1,0,0,-0.000007000000096013537,0,1,0,0.017545999959111214,1.0490829944610596,0,1,0.9997509717941284,-0.014984996989369392,-0.01655999943614006,0,0.017973998561501503,0.9799720048904419,0.19832099974155426,0,0.013256000354886055,-0.19856999814510345,0.9799969792366028,0,0.409525990486145,6.665801048278809,-0.1508840024471283,1,0.9999930262565613,-0.001747999805957079,-0.0034290000330656767,0,0.003247999818995595,0.8612099885940552,0.5082389712333679,0,0.0020649998914450407,-0.5082460045814514,0.861208975315094,0,-0.010005000047385693,1.0205659866333008,0,1,0.9999709725379944,-0.007538000121712685,0.000547999981790781,0,0.007538000121712685,0.9999719858169556,0,0,-0.000547999981790781,0.000004999999873689376,1,0,0.008883999660611153,0.9933050274848938,0,1,0.9952030181884766,0.09718599915504456,-0.011255999095737934,0,-0.08752500265836716,0.9358130097389221,0.3414590060710907,0,0.04371900111436844,-0.33883601427078247,0.9398289918899536,0,-0.4348190128803253,6.544290065765381,-0.10631100088357925,1,0.9997689723968506,-0.02135399915277958,-0.0024240000639110804,0,0.018410999327898026,0.792801022529602,0.6092029809951782,0,-0.011087000370025635,-0.6091070175170898,0.7930110096931458,0,0.0012610000558197498,0.9784529805183411,0,1,0.9999970197677612,0.002549000084400177,-0.00003400000059627928,0,-0.002549000084400177,0.9999970197677612,0,0,0.00003400000059627928,0,1,0,-0.0017259999876841903,0.912090003490448,0,1,0.9911100268363953,0.12962700426578522,0.029973000288009644,0,-0.13130800426006317,0.9167129993438721,0.3773530125617981,0,0.021438999101519585,-0.3779340088367462,0.9255840182304382,0,-1.4311399459838867,5.258197784423828,-0.18793100118637085,1,0.9943959712982178,-0.10432399809360504,-0.017110999673604965,0,0.08963300287723541,0.7461540102958679,0.659712016582489,0,-0.05605600029230118,-0.6575490236282349,0.7513239979743958,0,-0.006391999777406454,1.1557730436325073,0,1,0.9997490048408508,0.022414999082684517,0.0004459999909158796,0,-0.022414999082684517,0.9997490048408508,-0.000007000000096013537,0,-0.0004459999909158796,-0.000003000000106112566,1,0,-0.005781000014394522,0.9428189992904663,0,1,-0.9660890102386475,-0.17746199667453766,0.18756000697612762,0,0.23940600454807281,-0.8877400159835815,0.3931959867477417,0,0.09672699868679047,0.4247649908065796,0.9001209735870361,0,4.6027350425720215,-1.9433209896087646,-0.3924350142478943,1,0.9687960147857666,-0.1321440041065216,-0.20969299972057343,0,-0.01648000255227089,0.8098090291023254,-0.5864620208740234,0,0.24730899930000305,0.5716180205345154,0.7823629975318909,0,0,14.97060489654541,0,1,0.9623900055885315,-0.04712099954485893,0.26755601167678833,0,-0.20912200212478638,0.5001710057258606,0.8402959704399109,0,-0.17341899871826172,-0.8646439909934998,0.47150498628616333,0,0,13.044047355651855,0,1,0.9819239974021912,-0.04665899649262428,0.18343299627304077,0,-0.08057300001382828,0.7738990187644958,0.6281629800796509,0,-0.17126800119876862,-0.6315879821777344,0.7561500072479248,0,0,6.657577037811279,0,1,-0.9381499886512756,0.2548219859600067,-0.23439499735832214,0,-0.2455199956893921,-0.9669640064239502,-0.06855600327253342,0,-0.2441210001707077,-0.006767002400010824,0.9697210192680359,0,-4.6027350425720215,-1.9433209896087646,-0.2886179983615875,1,0.9885280132293701,-0.08696600049734116,-0.12348899990320206,0,0.00400899862870574,0.8324189782142639,-0.5541329979896545,0,0.15098600089550018,0.54728102684021,0.8232179880142212,0,0,14.998594284057617,0,1,0.9215120077133179,0.304627001285553,-0.24086999893188477,0,0.16282199323177338,0.2600269913673401,0.9517750144004822,0,0.35256901383399963,-0.9162909984588623,0.19001799821853638,0,0,13.028194427490234,0,1,0.9756389856338501,0.005969999823719263,-0.2193019986152649,0,0.13333700597286224,0.7776730060577393,0.6143670082092285,0,0.1742130070924759,-0.6286410093307495,0.7579309940338135,0,0,6.562164783477783,0,1
