1.500,30,45,65
B0,mixamorig_Hips,-1,0.9921981692314148,-0.013831530697643757,-0.12387751042842865,0,0.0066798413172364235,0.9982946515083313,-0.05797836557030678,0,0.1244664192199707,0.05669579282402992,0.9905990362167358,0,0.0064752427861094475,33.58319854736328,1.2081142663955688,1
B1,mixamorig_Spine,0,0.9953867793083191,0.026288773864507675,0.09220056980848312,0,-0.03474240377545357,0.9952116012573242,0.09134510904550552,0,-0.08935911953449249,-0.09413167089223862,0.9915360808372498,0,0,3.501121997833252,-0.008794999681413174,1
B2,mixamorig_Spine1,1,0.9996240139007568,0.009284191764891148,0.025797078385949135,0,-0.009472973644733429,0.9999290704727173,0.00723189627751708,0,-0.02572907879948616,-0.00747443363070488,0.9996402263641357,0,0,4.084652900695801,0,1
B3,mixamorig_Spine2,2,0.9996209740638733,0.00946083664894104,0.02584102191030979,0,-0.009647644124925137,0.9999280571937561,0.007122826296836138,0,-0.02577202208340168,-0.007369363680481911,0.9996402263641357,0,0,4.668178081512451,0,1
B4,mixamorig_Neck,3,0.9999989867210388,-0.0013996543129906058,-0.0008659671293571591,0,0.0013796393759548664,0.9997431039810181,-0.022624757140874863,0,0.0008975567761808634,0.022622838616371155,0.9997431039810181,0,0,5.251695156097412,0,1
B5,mixamorig_Head,4,0.9989287257194519,-0.030038602650165558,0.03518146649003029,0,0.030899375677108765,0.9992298483848572,-0.024188946932554245,0,-0.03442801162600517,0.025250105187296867,0.9990878701210022,0,0,10.451077461242676,-1.0435889959335327,1
B6,mixamorig_HeadTop_End,5,1,0,0,0,0,1,0,0,0,0,1,0,0,14.277118682861328,-1.42563796043396,1
B7,mixamorig_LeftShoulder,3,0.09740924090147018,0.006955284159630537,-0.9952196478843689,0,0.9755696654319763,0.19718071818351746,0.09686476737260818,0,0.1969117969274521,-0.9803420901298523,0.012421692721545696,0,3.810667037963867,6.556541919708252,-0.02247600071132183,1
B8,mixamorig_LeftArm,7,0.9465165734291077,0.18841472268104553,0.26187247037887573,0,-0.2569696009159088,-0.05047404021024704,0.9650807976722717,0,0.19503827393054962,-0.9807859063148499,0.000649697263725102,0,0,8.239282608032227,0,1
B9,mixamorig_LeftForeArm,8,0.9756565093994141,0.2191365659236908,0.006109139882028103,0,-0.21915669739246368,0.9756671190261841,0.0028638639487326145,0,-0.005332596600055695,-0.004129947163164616,0.9999774694442749,0,0,6.815985202789307,0,1
B10,mixamorig_LeftHand,9,0.9919629096984863,0.1257789582014084,-0.012486259452998638,0,-0.12619398534297943,0.9804192185401917,-0.15105387568473816,0,-0.006773442029953003,0.15140017867088318,0.9884265065193176,0,0,8.247876167297363,0,1
B11,mixamorig_LeftHandThumb1,10,0.7970439791679382,0.6016420125961304,-0.05241697281599045,0,-0.5780079960823059,0.7851179838180542,0.22247999906539917,0,0.17500697076320648,-0.14702899754047394,0.9735270142555237,0,-1.0784410238265991,1.863752007484436,0.45818498730659485,1
B12,mixamorig_LeftHandThumb2,11,0.8289437294006348,-0.5525901913642883,-0.08657872676849365,0,0.5590864419937134,0.8140032887458801,0.15754492580890656,0,-0.016582172363996506,-0.17900101840496063,0.9837093949317932,0,0.11921100318431854,1.7571460008621216,0,1
B13,mixamorig_LeftHandThumb3,12,0.9087450504302979,0.4107152819633484,-0.07412000000476837,0,-0.4066348969936371,0.8313555717468262,-0.378802090883255,0,-0.093962661921978,0.3743743896484375,0.922502875328064,0,-0.11016000062227249,1.51084303855896,0,1
B14,mixamorig_LeftHandThumb4,13,1,0,0,0,0,1,0,0,0,0,1,0,-0.009050999768078327,1.066182017326355,0,1
B15,mixamorig_LeftHandIndex1,10,0.9987258911132812,0.049415890127420425,0.010206296108663082,0,-0.0490528866648674,0.9034027457237244,0.42597776651382446,0,0.011830047704279423,-0.4259352385997772,0.9046759009361267,0,-1.4275480508804321,6.10331392288208,-0.11960099637508392,1
B16,mixamorig_LeftHandIndex2,15,0.9923850297927856,-0.11977879703044891,-0.028718771412968636,0,0.11951089650392532,0.879907488822937,0.4598676562309265,0,-0.02981286309659481,-0.4597974419593811,0.8875224590301514,0,0.04283899813890457,1.0765529870986938,0,1
B17,mixamorig_LeftHandIndex3,16,0.9994596838951111,-0.03109707497060299,-0.010616126470267773,0,0.03278001397848129,0.9659674167633057,0.2565741539001465,0,0.002275209641084075,-0.256783664226532,0.9664645791053772,0,-0.023527000099420547,0.9480090141296387,0,1
B18,mixamorig_LeftHandIndex4,17,1,0,0,0,0,1,0,0,0,0,1,0,-0.019311999902129173,0.7968199849128723,0,1
B19,mixamorig_LeftHandMiddle1,10,0.9975929856300354,-0.06618577986955643,-0.02067679539322853,0,0.06645849347114563,0.8275516629219055,0.557440996170044,0,-0.01978333666920662,-0.557472825050354,0.8299577236175537,0,-0.4095290005207062,6.721436977386475,-0.19478900730609894,1
B20,mixamorig_LeftHandMiddle2,19,0.9950151443481445,-0.09636851400136948,-0.02564939856529236,0,0.09652278572320938,0.8660458922386169,0.4905576705932617,0,-0.0250607430934906,-0.4905886948108673,0.8710297346115112,0,0.011099000461399555,1.0024290084838867,0,1
B21,mixamorig_LeftHandMiddle3,20,0.9995523691177368,-0.028933892026543617,-0.007640210445970297,0,0.029842492192983627,0.9446057081222534,0.32684677839279175,0,-0.002239951863884926,-0.3269288241863251,0.9450463056564331,0,-0.01435799989849329,0.9878939986228943,0,1
B22,mixamorig_LeftHandMiddle4,21,1,0,0,0,0,1,0,0,0,0,1,0,0.003258999902755022,0.6871449947357178,0,1
B23,mixamorig_LeftHandRing1,10,0.9878091812133789,-0.15075621008872986,-0.03879101574420929,0,0.14576192200183868,0.8083025813102722,0.5704382061958313,0,-0.05464239791035652,-0.56913822889328,0.8204235434532166,0,0.40717700123786926,6.554275035858154,0.01018999982625246,1
B24,mixamorig_LeftHandRing2,23,0.993014931678772,-0.11125198751688004,-0.039296843111515045,0,0.1110808476805687,0.7692122459411621,0.6292633414268494,0,-0.039780061691999435,-0.6292333602905273,0.7761973142623901,0,0.0004889999981969595,1.0218980312347412,0,1
B25,mixamorig_LeftHandRing3,24,0.9989175796508789,-0.04613868519663811,-0.005867933854460716,0,0.046170711517333984,0.9684725403785706,0.2448040395975113,0,-0.0056127700954675674,-0.2448100745677948,0.9695540070533752,0,0.000783999974373728,0.8980979919433594,0,1
B26,mixamorig_LeftHandRing4,25,1,0,0,0,0,1,0,0,0,0,1,0,-0.0012730000307783484,0.6668699979782104,0,1
B27,mixamorig_LeftHandPinky1,10,0.9937757253646851,-0.11117354780435562,0.007127555552870035,0,0.09023331850767136,0.840810239315033,0.5337561368942261,0,-0.0653320848941803,-0.5297912359237671,0.8456081748008728,0,1.429900050163269,5.20242977142334,-0.27761000394821167,1
B28,mixamorig_LeftHandPinky2,27,0.9961516261100769,-0.08569437265396118,-0.018411962315440178,0,0.0849127471446991,0.8914284110069275,0.4451330602169037,0,-0.02173313871026039,-0.4449829161167145,0.8952738046646118,0,0.003819999983534217,1.3176980018615723,0,1
B29,mixamorig_LeftHandPinky3,28,0.9972925782203674,-0.07241059839725494,-0.01278617512434721,0,0.07281997799873352,0.9484708905220032,0.3083823621273041,0,-0.01020319014787674,-0.3084793984889984,0.9511763453483582,0,0.0033019999973475933,0.885483980178833,0,1
B30,mixamorig_LeftHandPinky4,29,1,0,0,0,0,1,0,0,0,0,1,0,-0.007122000213712454,0.7400799989700317,0,1
B31,mixamorig_RightShoulder,3,-0.021345140412449837,-0.01663382537662983,0.9996334314346313,0,-0.9761514067649841,0.21640193462371826,-0.017243243753910065,0,-0.21603544056415558,-0.976162314414978,-0.020856915041804314,0,-3.810667037963867,6.556413173675537,0.029030999168753624,1
B32,mixamorig_RightArm,31,0.9905886650085449,0.022863799706101418,0.13463237881660461,0,-0.13025037944316864,-0.13800524175167084,0.9817932844161987,0,0.04102824255824089,-0.9901645183563232,-0.13370679318904877,0,0,8.239282608032227,0,1
B33,mixamorig_RightForeArm,32,0.9899424314498901,-0.14088638126850128,-0.012789039872586727,0,0.14089436829090118,0.9900232553482056,-0.0003140971530228853,0,0.012704767286777496,-0.0014910943573340774,0.9999182224273682,0,0,6.812190055847168,0,1
B34,mixamorig_RightHand,33,0.9842146635055542,0.029242942109704018,0.17440207302570343,0,-0.024221166968345642,0.9992189407348633,-0.030984196811914444,0,-0.17516644299030304,0.026258014142513275,0.9841591119766235,0,0,8.237086296081543,0,1
B35,mixamorig_RightHandThumb1,34,0.7291160225868225,-0.680180013179779,-0.07579699903726578,0,0.6769199967384338,0.700402021408081,0.22631099820137024,0,-0.10084400326013565,-0.21631599962711334,0.9711009860038757,0,1.0737799406051636,1.8803869485855103,0.4871090054512024,1
B36,mixamorig_RightHandThumb2,35,0.752167820930481,0.65623939037323,0.05993305891752243,0,-0.6574369668960571,0.7535083293914795,0.0003523560881149024,0,-0.044928573071956635,-0.03966740146279335,0.9982020258903503,0,-0.1641169935464859,1.7679920196533203,0,1
B37,mixamorig_RightHandThumb3,36,0.9401305913925171,-0.26754534244537354,0.2111232578754425,0,0.3162592053413391,0.9157213568687439,-0.24785898625850677,0,-0.1270168572664261,0.29978907108306885,0.9455122351646423,0,0.1236950010061264,1.5518039464950562,0,1
B38,mixamorig_RightHandThumb4,37,1,0,0,0,0,1,0,0,0,0,1,0,0.040421999990940094,1.0005459785461426,0,1
B39,mixamorig_RightHandIndex1,34,0.9988004565238953,-0.04881666600704193,0.0037301238626241684,0,0.04591045156121254,0.9603374600410461,0.27500227093696594,0,-0.017006512731313705,-0.2745012938976288,0.9614273309707642,0,1.4564330577850342,5.921350955963135,-0.1257150024175644,1
B40,mixamorig_RightHandIndex2,39,0.9952426552772522,0.09316746145486832,0.028506319969892502,0,-0.09218674153089523,0.805776059627533,0.5849857926368713,0,0.0315328985452652,-0.5848312377929688,0.8105314373970032,0,-0.030913999304175377,1.0860990285873413,0,1
B41,mixamorig_RightHandIndex3,40,0.999778687953949,0.020074183121323586,0.006347717717289925,0,-0.021002763882279396,0.972046434879303,0.23381076753139496,0,-0.0014753611758351326,-0.23389224708080292,0.9722526669502258,0,0.017545999959111214,1.0490829944610596,0,1
B42,mixamorig_RightHandIndex4,41,1,0,0,0,0,1,0,0,0,0,1,0,0.013368000276386738,0.801846981048584,0,1
B43,mixamorig_RightHandMiddle1,34,0.9990857839584351,0.04070865735411644,0.013033740222454071,0,-0.04220091924071312,0.8909376263618469,0.4521217942237854,0,0.006795057561248541,-0.45225822925567627,0.8918418288230896,0,0.409525990486145,6.665801048278809,-0.1508840024471283,1
B44,mixamorig_RightHandMiddle2,43,0.997028112411499,0.07399944961071014,0.02140962891280651,0,-0.07395217567682266,0.8415971398353577,0.5350005626678467,0,0.021573258563876152,-0.5349935293197632,0.8445680141448975,0,-0.010005000047385693,1.0205659866333008,0,1
B45,mixamorig_RightHandMiddle3,44,0.9999591708183289,0.008826615288853645,0.0020517189987003803,0,-0.009038393385708332,0.9877876043319702,0.15547847747802734,0,-0.0006520781898871064,-0.15549063682556152,0.987826406955719,0,0.008883999660611153,0.9933050274848938,0,1
B46,mixamorig_RightHandMiddle4,45,1,0,0,0,0,1,0,0,0,0,1,0,0.001120000029914081,0.7736300230026245,0,1
B47,mixamorig_RightHandRing1,34,0.9914457201957703,0.1304323524236679,0.004633695352822542,0,-0.11234205216169357,0.8347692489624023,0.5389836430549622,0,0.0664384514093399,-0.5348936319351196,0.8422824740409851,0,-0.4348190128803253,6.544290065765381,-0.10631100088357925,1
B48,mixamorig_RightHandRing2,47,0.9974136352539062,0.06989120692014694,0.016778532415628433,0,-0.06984198838472366,0.8872557878494263,0.455933153629303,0,0.016982942819595337,-0.4559261202812195,0.88984215259552,0,0.0012610000558197498,0.9784529805183411,0,1
B49,mixamorig_RightHandRing3,48,0.9994476437568665,0.033085279166698456,0.0030448816251009703,0,-0.03305706009268761,0.9810051321983337,0.19108738005161285,0,0.00333775719627738,-0.19108231365680695,0.9815574288368225,0,-0.0017259999876841903,0.912090003490448,0,1
B50,mixamorig_RightHandRing4,49,1,0,0,0,0,1,0,0,0,0,1,0,0.00046499999007210135,0.7293429970741272,0,1
B51,mixamorig_RightHandPinky1,34,0.9985826015472412,0.05275696888566017,-0.0070337350480258465,0,-0.03874160349369049,0.8111104965209961,0.583574116230011,0,0.036496248096227646,-0.5824747681617737,0.8120051026344299,0,-1.4311399459838867,5.258197784423828,-0.18793100118637085,1
B52,mixamorig_RightHandPinky2,51,0.9975124001502991,0.06849323213100433,0.016639361158013344,0,-0.06707639247179031,0.8499254584312439,0.5225917100906372,0,0.021654926240444183,-0.5224080085754395,0.8524060845375061,0,-0.006391999777406454,1.1557730436325073,0,1
B53,mixamorig_RightHandPinky3,52,0.9978429675102234,0.06433477997779846,0.01307430025190115,0,-0.06504698842763901,0.9419534802436829,0.32934316992759705,0,0.008875640109181404,-0.32948368787765503,0.9441065192222595,0,-0.005781000014394522,0.9428189992904663,0,1
B54,mixamorig_RightHandPinky4,53,1,0,0,0,0,1,0,0,0,0,1,0,0.012172999791800976,0.7500270009040833,0,1
B55,mixamorig_LeftUpLeg,0,-0.9924381971359253,-0.0857555940747261,0.08773370087146759,0,0.08860410004854202,-0.9955499768257141,0.029100701212882996,0,0.08489779382944107,0.03665710985660553,0.995630145072937,0,4.6027350425720215,-1.9433209896087646,-0.3924350142478943,1
B56,mixamorig_LeftLeg,55,0.9975144863128662,0.07018224149942398,0.0037779153790324926,0,-0.02715928480029106,0.4340590536594391,-0.9004480838775635,0,-0.06482366472482681,0.8981075882911682,0.4348946213722229,0,0,14.97060489654541,0,1
B57,mixamorig_LeftFoot,56,0.9675628542900085,0.0791718065738678,0.239859938621521,0,-0.2276230752468109,0.6847090125083923,0.6922951340675354,0,-0.10939732939004898,-0.7244372963905334,0.6805445551872253,0,0,13.044047355651855,0,1
B58,mixamorig_LeftToeBase,57,0.9751561284065247,-0.0044333855621516705,0.22147585451602936,0,-0.1322130709886551,0.7905495166778564,0.5979554057121277,0,-0.17773838341236115,-0.6123814582824707,0.7703225016593933,0,0,6.657577037811279,0,1
B59,mixamorig_LeftToe_End,58,1,0,0,0,0,1,0,0,0,0,1,0,0,2.8414440155029297,0,1
B60,mixamorig_RightUpLeg,0,-0.9916099309921265,-0.07077823579311371,-0.10814457386732101,0,0.03830651938915253,-0.959966778755188,0.2772220969200134,0,-0.12345550954341888,0.2707552909851074,0.9546236395835876,0,-4.6027350425720215,-1.9433209896087646,-0.2886179983615875,1
B61,mixamorig_RightLeg,60,0.9904489517211914,-0.04534260556101799,-0.13015802204608917,0,-0.00909234955906868,0.9208307862281799,-0.38979533314704895,0,0.13753867149353027,0.38725167512893677,0.9116268157958984,0,0,14.998594284057617,0,1
B62,mixamorig_RightFoot,61,0.9446681141853333,-0.16976617276668549,-0.2806791663169861,0,0.32793930172920227,0.5086086392402649,0.7960882186889648,0,0.007605462335050106,-0.8440845608711243,0.536139726638794,0,0,13.028194427490234,0,1
B63,mixamorig_RightToeBase,62,0.9770499467849731,0.009173164144158363,-0.21281416714191437,0,0.12801708281040192,0.7732316255569458,0.6210674047470093,0,0.17025212943553925,-0.6340574026107788,0.754310667514801,0,0,6.562164783477783,0,1
B64,mixamorig_RightToe_End,63,1,0,0,0,0,1,0,0,0,0,1,0,0,2.8164141178131104,0,1
@52,0,1,2,3,4,5,7,8,9,10,11,12,13,15,16,17,19,20,21,23,24,25,27,28,29,31,32,33,34,35,36,37,39,40,41,43,44,45,47,48,49,51,52,53,55,56,57,58,60,61,62,63
K0.000,0.9983289837837219,0.014448000118136406,-0.05594800040125847,0,-0.0176829993724823,0.9981729984283447,-0.057771001011133194,0,0.055011000484228134,0.05866299942135811,0.9967610239982605,0,0.06466499716043472,34.47800064086914,0.23927399516105652,1,0.9999750256538391,0.0042489999905228615,-0.005621999967843294,0,-0.0036689999978989363,0.995032012462616,0.09948299825191498,0,0.006016999948769808,-0.09945999830961227,0.9950230121612549,0,0,3.501121997833252,-0.008794999681413174,1,0.9999899864196777,0.004081999883055687,-0.001617999980226159,0,-0.004064000211656094,0.9999269843101501,0.011339000426232815,0,0.0016639999812468886,-0.01133199967443943,0.9999340176582336,0,0,4.084652900695801,0,1,0.9999899864196777,0.00408599991351366,-0.001541999983601272,0,-0.00406799977645278,0.9999269843101501,0.011342000216245651,0,0.0015879999846220016,-0.011335000395774841,0.9999340176582336,0,0,4.668178081512451,0,1,0.9999719858169556,0.0013630000175908208,0.007298000156879425,0,-0.0012550000101327896,0.9998890161514282,-0.014813000336289406,0,-0.007317999843508005,0.014802999794483185,0.9998639822006226,0,0,5.251695156097412,0,1,0.9967389702796936,-0.03752699866890907,0.07143300026655197,0,0.04082399979233742,0.9981399774551392,-0.04526999965310097,0,-0.06960099935531616,0.04803900048136711,0.9964179992675781,0,0,10.451077461242676,-1.0435889959335327,1,0.06364600360393524,0.00995699968189001,-0.9979230165481567,0,0.9755600094795227,0.21011100709438324,0.06431599706411362,0,0.21031500399112701,-0.9776269793510437,0.0036589999217540026,0,3.810667037963867,6.556541919708252,-0.02247600071132183,1,0.9854199886322021,0.16358999907970428,0.04675399884581566,0,-0.02506599947810173,-0.13221199810504913,0.9909039735794067,0,0.16828399896621704,-0.9776290059089661,-0.12618400156497955,0,0,8.239282608032227,0,1,0.98956298828125,0.14360199868679047,0.01199399959295988,0,-0.1436299979686737,0.9896299839019775,0.0014380000066012144,0,-0.011663000099360943,-0.0031449999660253525,0.9999269843101501,0,0,6.815985202789307,0,1,0.9875609874725342,-0.01156300026923418,-0.156810000538826,0,0.003066000062972307,0.9985190033912659,-0.05431700125336647,0,0.1572059988975525,0.05316099897027016,0.9861339926719666,0,0,8.247876167297363,0,1,0.7970449924468994,0.6016409993171692,-0.05241699889302254,0,-0.5780079960823059,0.7851179838180542,0.22247900068759918,0,0.17500600218772888,-0.14702799916267395,0.9735270142555237,0,-1.0784410238265991,1.863752007484436,0.45818498730659485,1,0.8308460116386414,-0.5495529770851135,-0.0876690000295639,0,0.5563219785690308,0.8162009716033936,0.1559540033340454,0,-0.014150000177323818,-0.17834599316120148,0.9838659763336182,0,0.11921100318431854,1.7571460008621216,0,1,0.911037027835846,0.4063189923763275,-0.07011999934911728,0,-0.40187498927116394,0.8369659781455994,-0.37146300077438354,0,-0.09224499762058258,0.3665960133075714,0.9257959723472595,0,-0.11016000062227249,1.51084303855896,0,1,0.9988200068473816,0.046932000666856766,0.012473000213503838,0,-0.04743900150060654,0.8881049752235413,0.4571860134601593,0,0.010379999876022339,-0.45723798871040344,0.8892840147018433,0,-1.4275480508804321,6.10331392288208,-0.11960099637508392,1,0.9919670224189758,-0.12262099981307983,-0.03106600046157837,0,0.12222699820995331,0.8658900260925293,0.48507198691368103,0,-0.03258100152015686,-0.4849730134010315,0.8739219903945923,0,0.04283899813890457,1.0765529870986938,0,1,0.9993299841880798,-0.03447699919342995,-0.012306000106036663,0,0.0365540012717247,0.9578930139541626,0.28478801250457764,0,0.001969000091776252,-0.2850469946861267,0.958512008190155,0,-0.023527000099420547,0.9480090141296387,0,1,0.9975209832191467,-0.06700599938631058,-0.021479999646544456,0,0.06686100363731384,0.8074830174446106,0.586089015007019,0,-0.02192699909210205,-0.5860729813575745,0.8099619746208191,0,-0.4095290005207062,6.721436977386475,-0.19478900730609894,1,0.9946359992027283,-0.09958499670028687,-0.027981000021100044,0,0.09977299720048904,0.8521940112113953,0.513625979423523,0,-0.027303999289870262,-0.5136619806289673,0.857558012008667,0,0.011099000461399555,1.0024290084838867,0,1,0.9994440078735352,-0.03219500184059143,-0.008693000301718712,0,0.033204998821020126,0.9366220235824585,0.34876498579978943,0,-0.0030869999900460243,-0.3488599956035614,0.9371700286865234,0,-0.01435799989849329,0.9878939986228943,0,1,0.9872419834136963,-0.15315400063991547,-0.04356300085783005,0,0.14873400330543518,0.7892979979515076,0.5957239866256714,0,-0.056853000074625015,-0.5946030020713806,0.8020070195198059,0,0.40717700123786926,6.554275035858154,0.01018999982625246,1,0.992455005645752,-0.11502700299024582,-0.04244200140237808,0,0.11483500152826309,0.750789999961853,0.6504830121994019,0,-0.04295799881219864,-0.6504489779472351,0.7583339810371399,0,0.0004889999981969595,1.0218980312347412,0,1,0.9987040162086487,-0.05041100084781647,-0.007054999936372042,0,0.05044899880886078,0.9618189930915833,0.2689949870109558,0,-0.006775000132620335,-0.2690019905567169,0.9631159901618958,0,0.000783999974373728,0.8980979919433594,0,1,0.9934880137443542,-0.11382199823856354,0.005173000041395426,0,0.09164000302553177,0.825206995010376,0.5573469996452332,0,-0.06770700216293335,-0.5532429814338684,0.8302639722824097,0,1.429900050163269,5.20242977142334,-0.27761000394821167,1,0.9956790208816528,-0.09050799906253815,-0.02078399993479252,0,0.08963800221681595,0.878229022026062,0.4697659909725189,0,-0.024265000596642494,-0.46959900856018066,0.8825470209121704,0,0.003819999983534217,1.3176980018615723,0,1,0.9969140291213989,-0.07712800055742264,-0.014655999839305878,0,0.07759600132703781,0.9396479725837708,0.3332270085811615,0,-0.01193000003695488,-0.3333359956741333,0.9427329897880554,0,0.0033019999973475933,0.885483980178833,0,1,0.012682000175118446,-0.013829000294208527,0.9998239874839783,0,-0.975288987159729,0.22039400041103363,0.015418999828398228,0,-0.2205680012702942,-0.9753130078315735,-0.010692000389099121,0,-3.810667037963867,6.556413173675537,0.029030999168753624,1,0.9896789789199829,-0.10746899992227554,-0.0947979986667633,0,0.0823109969496727,-0.11521600186824799,0.9899240136146545,0,-0.11730799823999405,-0.9875100255012512,-0.1051810011267662,0,0,8.239282608032227,0,1,0.9640380144119263,-0.265749990940094,-0.002759000053629279,0,0.26575300097465515,0.964040994644165,0.0007570000016130507,0,0.0024590000975877047,-0.0014639999717473984,0.9999960064888,0,0,6.812190055847168,0,1,0.999472975730896,-0.030561000108718872,-0.01093900017440319,0,0.03002299927175045,0.9984760284423828,-0.04631099849939346,0,0.012337000109255314,0.04595800116658211,0.9988669753074646,0,0,8.237086296081543,0,1,0.7291160225868225,-0.680180013179779,-0.07579699903726578,0,0.6769199967384338,0.7004010081291199,0.22631199657917023,0,-0.10084400326013565,-0.21631599962711334,0.9711009860038757,0,1.0737799406051636,1.8803869485855103,0.4871090054512024,1,0.7296990156173706,0.6811249852180481,0.06006300076842308,0,-0.683027982711792,0.7301779985427856,0.017688000574707985,0,-0.0318089984357357,-0.05393199995160103,0.9980379939079285,0,-0.1641169935464859,1.7679920196533203,0,1,0.9436839818954468,-0.2663010060787201,0.19632700085639954,0,0.30833899974823,0.9230350255966187,-0.2300720065832138,0,-0.11994899809360504,0.27765101194381714,0.9531639814376831,0,0.1236950010061264,1.5518039464950562,0,1,0.9989740252494812,-0.04527899995446205,-0.00023999999393709004,0,0.04230700060725212,0.9314939975738525,0.36128801107406616,0,-0.01613599993288517,-0.3609279990196228,0.932453989982605,0,1.4564330577850342,5.921350955963135,-0.1257150024175644,1,0.9945570230484009,0.09831900149583817,0.03450600057840347,0,-0.09683799743652344,0.7498990297317505,0.6544259786605835,0,0.03846700116991997,-0.6542050242424011,0.7553380131721497,0,-0.030913999304175377,1.0860990285873413,0,1,0.9995869994163513,0.026998000219464302,0.009846000000834465,0,-0.028728000819683075,0.9478880167007446,0.3173049986362457,0,-0.0007660000119358301,-0.317456990480423,0.9482719898223877,0,0.017545999959111214,1.0490829944610596,0,1,0.9988359808921814,0.044985998421907425,0.017416000366210938,0,-0.04706199839711189,0.8294450044631958,0.5566020011901855,0,0.010592999868094921,-0.5567730069160461,0.8305969834327698,0,0.409525990486145,6.665801048278809,-0.1508840024471283,1,0.9962480068206787,0.08187799900770187,0.028040999546647072,0,-0.08179599791765213,0.7849060297012329,0.614192008972168,0,0.028279999271035194,-0.6141809821128845,0.7886580228805542,0,-0.010005000047385693,1.0205659866333008,0,1,0.9998120069503784,0.018895000219345093,0.004286999814212322,0,-0.01936499960720539,0.9677169919013977,0.25129300355911255,0,0.0005990000208839774,-0.2513290047645569,0.9679009914398193,0,0.008883999660611153,0.9933050274848938,0,1,0.9901769757270813,0.13817399740219116,0.021395999938249588,0,-0.1200219988822937,0.7614539861679077,0.6370109915733337,0,0.0717260017991066,-0.63332200050354,0.7705579996109009,0,-0.4348190128803253,6.544290065765381,-0.10631100088357925,1,0.996042013168335,0.0851529985666275,0.02548299916088581,0,-0.0850759968161583,0.8303179740905762,0.5507569909095764,0,0.0257399994879961,-0.5507450103759766,0.834276020526886,0,0.0012610000558197498,0.9784529805183411,0,1,0.9987670183181763,0.04913400113582611,0.007116999942809343,0,-0.0490729995071888,0.9552839994430542,0.29158899188041687,0,0.007528000045567751,-0.2915779948234558,0.9565169811248779,0,-0.0017259999876841903,0.912090003490448,0,1,0.9980610013008118,0.062231000512838364,0.0011210000375285745,0,-0.04619000107049942,0.7284849882125854,0.6835029721260071,0,0.04171900078654289,-0.6822289824485779,0.7299469709396362,0,-1.4311399459838867,5.258197784423828,-0.18793100118637085,1,0.9963909983634949,0.0812230035662651,0.02465599961578846,0,-0.07909099757671356,0.7829340100288391,0.6170560121536255,0,0.03081499971449375,-0.6167790293693542,0.786532998085022,0,-0.006391999777406454,1.1557730436325073,0,1,0.9967740178108215,0.07755599915981293,0.0206339992582798,0,-0.07876800000667572,0.8961859941482544,0.4366300106048584,0,0.01537100039422512,-0.4368470013141632,0.899403989315033,0,-0.005781000014394522,0.9428189992904663,0,1,-0.9981229901313782,0.02512199990451336,0.055851999670267105,0,-0.0020540000405162573,-0.9252079725265503,0.37945500016212463,0,0.06120700016617775,0.3786279857158661,0.9235230088233948,0,4.6027350425720215,-1.9433209896087646,-0.3924350142478943,1,0.9986330270767212,0.04609199985861778,0.024647999554872513,0,-0.005276999901980162,0.5580620169639587,-0.8297820091247559,0,-0.05200200155377388,0.8285179734230042,0.5575429797172546,0,0,14.97060489654541,0,1,0.9620720148086548,0.06099399924278259,0.2658900022506714,0,-0.255977988243103,0.5387849807739258,0.8026120066642761,0,-0.09430299699306488,-0.8402320146560669,0.5339630246162415,0,0,13.044047355651855,0,1,0.9758849740028381,-0.001509999972768128,0.21828000247478485,0,-0.1306139975786209,0.7971680164337158,0.5894610285758972,0,-0.1748960018157959,-0.6037560105323792,0.7777469754219055,0,0,6.657577037811279,0,1,-0.9871169924736023,-0.023792000487446785,-0.1582230031490326,0,0.03546300157904625,-0.9968199729919434,-0.0713530033826828,0,-0.15602199733257294,-0.07604499906301498,0.9848219752311707,0,-4.6027350425720215,-1.9433209896087646,-0.2886179983615875,1,0.9988660216331482,0.023475000634789467,-0.04141699895262718,0,-0.02781599946320057,0.9938120245933533,-0.10753700137138367,0,0.03863599896430969,0.1085669994354248,0.9933379888534546,0,0,14.998594284057617,0,1,0.942326009273529,-0.16161499917507172,-0.29308998584747314,0,0.3346790075302124,0.4639109969139099,0.8202300071716309,0,0.003406000090762973,-0.8710150122642517,0.49124500155448914,0,0,13.028194427490234,0,1,0.9759219884872437,0.013838999904692173,-0.2176789939403534,0,0.1305360049009323,0.7624779939651489,0.6337090134620667,0,0.17474499344825745,-0.6468660235404968,0.742313027381897,0,0,6.562164783477783,0,1
K0.033,0.9988409876823425,0.024487078189849854,-0.04144483432173729,0,-0.026366068050265312,0.9986199736595154,-0.045411888509988785,0,0.04027583450078964,0.046451885253190994,0.9981080293655396,0,0.05611810460686684,34.447288513183594,0.22620391845703125,1,0.9997299909591675,-0.006297083105891943,-0.022363148629665375,0,0.00836709514260292,0.9955629706382751,0.0937279537320137,0,0.02167414128780365,-0.09388995915651321,0.9953470230102539,0,0,3.501121997833252,-0.008794999681413174,1,0.9999769926071167,0.0021089829970151186,-0.006400042213499546,0,-0.0020389826968312263,0.9999369978904724,0.011019998230040073,0,0.006423041690140963,-0.011006997898221016,0.9999189972877502,0,0,4.084652900695801,0,1,0.9999780058860779,0.0020809827838093042,-0.006327042356133461,0,-0.0020109822507947683,0.9999369978904724,0.01103499811142683,0,0.0063500418327748775,-0.011021997779607773,0.9999189972877502,0,0,4.668178081512451,0,1,0.9999650120735168,0.0010809953091666102,0.008329004980623722,0,-0.000953995157033205,0.9998840093612671,-0.015190009959042072,0,-0.008345005102455616,0.015182009898126125,0.9998499751091003,0,0,5.251695156097412,0,1,0.996271014213562,-0.038910023868083954,0.07700400054454803,0,0.04291602969169617,0.9977729916572571,-0.051065072417259216,0,-0.07484500110149384,0.054179076105356216,0.9957219958305359,0,0,10.451077461242676,-1.0435889959335327,1,0.0554358996450901,0.01060100831091404,-0.9984059929847717,0,0.9762470126152039,0.2091829776763916,0.056425902992486954,0,0.209447979927063,-0.97781902551651,0.0012469703797250986,0,3.810667037963867,6.556541919708252,-0.02247600071132183,1,0.9865880012512207,0.16322492063045502,-0.001473503070883453,0,0.02557351067662239,-0.14565013349056244,0.9890059232711792,0,0.16121584177017212,-0.9757779836654663,-0.1478712111711502,0,0,8.239282608032227,0,1,0.9901390075683594,0.13954995572566986,0.012311003170907497,0,-0.1395769566297531,0.9902099967002869,0.001373999402858317,0,-0.011998003348708153,-0.0030789992306381464,0.9999229907989502,0,0,6.815985202789307,0,1,0.9790478944778442,-0.030546113848686218,-0.20132440328598022,0,0.02225910872220993,0.9988139867782593,-0.04329897090792656,0,0.20240840315818787,0.037910934537649155,0.9785668849945068,0,0,8.247876167297363,0,1,0.7970439791679382,0.6016420125961304,-0.05241699889302254,0,-0.5780079960823059,0.7851179838180542,0.22247900068759918,0,0.17500700056552887,-0.14702899754047394,0.9735270142555237,0,-1.0784410238265991,1.863752007484436,0.45818498730659485,1,0.8300529718399048,-0.5508220195770264,-0.08721799403429031,0,0.5574780106544495,0.8152899742126465,0.15658801794052124,0,-0.015145016834139824,-0.17859899997711182,0.9838050007820129,0,0.11921100318431854,1.7571460008621216,0,1,0.9092569947242737,0.4097980260848999,-0.07291803508996964,0,-0.40552106499671936,0.8326629400253296,-0.37712806463241577,0,-0.09383001923561096,0.37247610092163086,0.923285961151123,0,-0.11016000062227249,1.51084303855896,0,1,0.9989799857139587,0.04355495795607567,0.01190199051052332,0,-0.04397895559668541,0.8789429068565369,0.4748952090740204,0,0.010222997516393661,-0.4749342203140259,0.8799619078636169,0,-1.4275480508804321,6.10331392288208,-0.11960099637508392,1,0.9917399883270264,-0.12411901354789734,-0.03236101567745209,0,0.12365201860666275,0.8580579161643982,0.498444139957428,0,-0.03409901633858681,-0.49832916259765625,0.8663169145584106,0,0.04283899813890457,1.0765529870986938,0,1,0.9992669820785522,-0.035973016172647476,-0.013094008900225163,0,0.03824001923203468,0.9540079236030579,0.29733213782310486,0,0.0017959978431463242,-0.2976151406764984,0.9546839594841003,0,-0.023527000099420547,0.9480090141296387,0,1,0.9974250197410583,-0.06816501170396805,-0.022299008443951607,0,0.06794601678848267,0.7985798716545105,0.5980411171913147,0,-0.02295801043510437,-0.5980161428451538,0.8011548519134521,0,-0.4095290005207062,6.721436977386475,-0.19478900730609894,1,0.9944339990615845,-0.10123101621866226,-0.029227012768387794,0,0.10143701732158661,0.844741940498352,0.5254731178283691,0,-0.028504012152552605,-0.5255120992660522,0.8503079414367676,0,0.011099000461399555,1.0024290084838867,0,1,0.9993680119514465,-0.034280020743608475,-0.009410007856786251,0,0.035357020795345306,0.9312109351158142,0.3627621531486511,0,-0.0036730063147842884,-0.3628661632537842,0.9318339228630066,0,-0.01435799989849329,0.9878939986228943,0,1,0.9868710041046143,-0.15473102033138275,-0.04629803076386452,0,0.1507110297679901,0.7791918516159058,0.6083961129188538,0,-0.05806301534175873,-0.6073861122131348,0.7922818660736084,0,0.40717700123786926,6.554275035858154,0.01018999982625246,1,0.9922029972076416,-0.11665701121091843,-0.043858014047145844,0,0.11645601689815521,0.7424969673156738,0.659648060798645,0,-0.04438801482319832,-0.6596130728721619,0.7502939701080322,0,0.0004889999981969595,1.0218980312347412,0,1,0.9985830187797546,-0.05264902114868164,-0.0077240075916051865,0,0.0526910237967968,0.9580629467964172,0.2816711366176605,0,-0.007430007681250572,-0.2816791534423828,0.9594799280166626,0,0.000783999974373728,0.8980979919433594,0,1,0.9932529926300049,-0.11591402441263199,0.0036569819785654545,0,0.09319601207971573,0.8165578842163086,0.5696911215782166,0,-0.06902101635932922,-0.565506100654602,0.8218508958816528,0,1.429900050163269,5.20242977142334,-0.27761000394821167,1,0.9955049753189087,-0.09219701588153839,-0.021656008437275887,0,0.09129401296377182,0.8733799457550049,0.4784061014652252,0,-0.025194009765982628,-0.47823309898376465,0.8778719305992126,0,0.003819999983534217,1.3176980018615723,0,1,0.9967210292816162,-0.07939402014017105,-0.01560601033270359,0,0.07989202439785004,0.9351319670677185,0.3451751172542572,0,-0.012811009772121906,-0.3452901244163513,0.9384089112281799,0,0.0033019999973475933,0.885483980178833,0,1,0.015543041750788689,-0.013552996329963207,0.9997869729995728,0,-0.9744279980659485,0.22396503388881683,0.01818503998219967,0,-0.2241630256175995,-0.9745029807090759,-0.009724985808134079,0,-3.810667037963867,6.556413173675537,0.029030999168753624,1,0.9813109040260315,-0.1360502988100052,-0.1360863894224167,0,0.12246838957071304,-0.10393087565898895,0.987015962600708,0,-0.14842729270458221,-0.9852349162101746,-0.08532676845788956,0,0,8.239282608032227,0,1,0.9510378241539001,-0.3090744614601135,0.0007520353537984192,0,0.30907344818115234,0.951036810874939,0.0014430086594074965,0,-0.0011610366636887193,-0.0011399949435144663,0.9999989867210388,0,0,6.812190055847168,0,1,0.9970829486846924,-0.06283029913902283,-0.04332318529486656,0,0.06099129095673561,0.9972320199012756,-0.04253502935171127,0,0.045875199139118195,0.039767999202013016,0.9981549978256226,0,0,8.237086296081543,0,1,0.7291160225868225,-0.680180013179779,-0.07579699903726578,0,0.6769199967384338,0.700402021408081,0.22631199657917023,0,-0.10084400326013565,-0.21631599962711334,0.9711009860038757,0,1.0737799406051636,1.8803869485855103,0.4871090054512024,1,0.7295939922332764,0.6812400221824646,0.060040999203920364,0,-0.6831459999084473,0.7300649881362915,0.01780102029442787,0,-0.03170698508620262,-0.05400501936674118,0.9980369806289673,0,-0.1641169935464859,1.7679920196533203,0,1,0.942575991153717,-0.26802802085876465,0.19927702844142914,0,0.3112620413303375,0.9212819933891296,-0.23314103484153748,0,-0.12110201269388199,0.28178006410598755,0.9518060088157654,0,0.1236950010061264,1.5518039464950562,0,1,0.9988899827003479,-0.047090016305446625,-0.0006560016772709787,0,0.044167015701532364,0.9318770170211792,0.3600749671459198,0,-0.016345001757144928,-0.35970497131347656,0.9329230189323425,0,1.4564330577850342,5.921350955963135,-0.1257150024175644,1,0.9945470094680786,0.09838499873876572,0.03459000214934349,0,-0.09689699858427048,0.7490959763526917,0.6553369760513306,0,0.03856400400400162,-0.655115008354187,0.7545440196990967,0,-0.030913999304175377,1.0860990285873413,0,1,0.9995869994163513,0.026987001299858093,0.009840001352131367,0,-0.028715001419186592,0.9479359984397888,0.3171650171279907,0,-0.0007679996779188514,-0.31731703877449036,0.9483190178871155,0,0.017545999959111214,1.0490829944610596,0,1,0.9989479780197144,0.042883969843387604,0.016232984140515327,0,-0.04465396702289581,0.8293730020523071,0.5569080114364624,0,0.010419998317956924,-0.5570470094680786,0.8304160237312317,0,0.409525990486145,6.665801048278809,-0.1508840024471283,1,0.9962310194969177,0.08203499764204025,0.02818700298666954,0,-0.08195199817419052,0.7836440205574036,0.6157800555229187,0,0.0284270029515028,-0.61576908826828,0.787414014339447,0,-0.010005000047385693,1.0205659866333008,0,1,0.9998109936714172,0.0189680028706789,0.004307000897824764,0,-0.01944100297987461,0.9675350189208984,0.2519890367984772,0,0.0006120006437413394,-0.2520250380039215,0.9677199721336365,0,0.008883999660611153,0.9933050274848938,0,1,0.990356981754303,0.13699297606945038,0.02065298520028591,0,-0.11855597048997879,0.760886013507843,0.6379629969596863,0,0.07168199867010117,-0.6342589855194092,0.76978999376297,0,-0.4348190128803253,6.544290065765381,-0.10631100088357925,1,0.9960079789161682,0.08548400551080704,0.02569800429046154,0,-0.08540700376033783,0.8289170265197754,0.5528130531311035,0,0.02595500461757183,-0.5528010725975037,0.8329089879989624,0,0.0012610000558197498,0.9784529805183411,0,1,0.9987580180168152,0.049313005059957504,0.007173000834882259,0,-0.0492510050535202,0.9549329876899719,0.29270604252815247,0,0.007584000937640667,-0.2926960289478302,0.9561750292778015,0,-0.0017259999876841903,0.912090003490448,0,1,0.9981570243835449,0.060680974274873734,-0.00012202055950183421,0,-0.044194966554641724,0.7283539772033691,0.683775007724762,0,0.04158100113272667,-0.6825090050697327,0.7296929955482483,0,-1.4311399459838867,5.258197784423828,-0.18793100118637085,1,0.9963899850845337,0.08122800290584564,0.024660002440214157,0,-0.07909700274467468,0.7829030156135559,0.6170960068702698,0,0.03081900253891945,-0.6168190240859985,0.7865009903907776,0,-0.006391999777406454,1.1557730436325073,0,1,0.996757984161377,0.07773800194263458,0.020753001794219017,0,-0.07895799726247787,0.8954430222511292,0.4381190240383148,0,0.015475002117455006,-0.4383370280265808,0.8986780047416687,0,-0.005781000014394522,0.9428189992904663,0,1,-0.9976879954338074,0.04442613571882248,0.051423996686935425,0,-0.01846509985625744,-0.9054709076881409,0.42400625348091125,0,0.06540005654096603,0.4220762550830841,0.9041978716850281,0,4.6027350425720215,-1.9433209896087646,-0.3924350142478943,1,0.9965639114379883,0.059686142951250076,0.057427506893873215,0,0.0033030775375664234,0.664155125617981,-0.7475878000259399,0,-0.08276147395372391,0.7452077865600586,0.6616760492324829,0,0,14.97060489654541,0,1,0.9619179964065552,0.06332309544086456,0.2659029960632324,0,-0.25732001662254333,0.5379120707511902,0.8027679324150085,0,-0.09219793230295181,-0.8406189680099487,0.5337220430374146,0,0,13.044047355651855,0,1,0.975462019443512,-0.003207002766430378,0.22014500200748444,0,-0.13154099881649017,0.7933260202407837,0.5944160223007202,0,-0.17655299603939056,-0.608788013458252,0.7734379768371582,0,0,6.657577037811279,0,1,-0.9865049719810486,-0.011762888170778751,-0.1633070409297943,0,0.027201933786273003,-0.9953290224075317,-0.09262923896312714,0,-0.16145506501197815,-0.09582123160362244,0.9822169542312622,0,-4.6027350425720215,-1.9433209896087646,-0.2886179983615875,1,0.9994289875030518,0.02265700325369835,-0.025065839290618896,0,-0.025893982499837875,0.9901749491691589,-0.137417271733284,0,0.021705834195017815,0.13798826932907104,0.9901959300041199,0,0,14.998594284057617,0,1,0.9407839775085449,-0.1550149917602539,-0.30148810148239136,0,0.33894506096839905,0.4133034348487854,0.8451602458953857,0,-0.00640716589987278,-0.8973012566566467,0.44137147068977356,0,0,13.028194427490234,0,1,0.9750970005989075,0.017231086269021034,-0.22110909223556519,0,0.13238704204559326,0.7546437978744507,0.642640233039856,0,0.17793206870555878,-0.6559082269668579,0.7335697412490845,0,0,6.562164783477783,0,1
